+---------+---------------+----------+
06:00:30,734,000   ETHER
|0   |01|0c|cd|01|00|37|00|e1|c2|c3|c4|c5|81|00|80|00|88|b8|00|37|02|a6|00|00|00|00|61|82|02|9a|80|18|49|4c|31|30|30|31|52|50|49|54|2f|4c|4c|4e|30|24|47|4f|24|67|6f|63|62|31|81|02|27|10|82|18|49|4c|31|30|30|31|52|50|49|54|2f|4c|4c|4e|30|24|64|73|47|4f|4f|53|45|31|83|16|54|45|4d|50|4c|41|54|45|2f|4c|4c|4e|30|24|47|4f|24|67|6f|63|62|31|84|08|61|42|fe|d9|97|4b|c6|00|85|04|00|00|00|01|86|04|00|00|00|11|87|01|00|88|01|01|89|01|00|8a|01|65|ab|82|02|24|83|01|00|91|08|61|42|fe|d9|97|4b|2e|00|83|01|00|91|08|61|42|fe|d9|97|4b|c6|00|83|01|00|91|08|61|42|fe|d9|97|4b|c6|00|83|01|00|91|08|61|42|fe|d9|97|4b|c6|00|83|01|00|91|08|61|42|fe|d9|97|4b|c6|00|83|01|00|91|08|61|42|fe|d9|97|4b|c6|00|83|01|00|91|08|61|42|fe|d9|97|4b|c6|00|83|01|00|91|08|61|42|fe|d9|97|4b|c6|00|83|01|00|91|08|61|42|fe|d9|97|4b|c6|00|83|01|00|83|01|00|83|01|00|83|01|00|83|01|00|83|01|00|83|01|00|83|01|00|83|01|00|83|01|00|83|01|00|83|01|00|83|01|00|83|01|00|83|01|00|83|01|00|83|01|00|83|01|00|83|01|00|83|01|00|83|01|00|83|01|00|83|01|00|83|01|00|83|01|00|83|01|00|83|01|00|83|01|00|83|01|00|83|01|00|83|01|00|83|01|00|91|08|61|42|fe|d9|97|4b|c6|00|83|01|00|91|08|61|42|fe|d9|97|4b|c6|00|83|01|00|91|08|61|42|fe|d9|97|4b|c6|00|83|01|00|91|08|61|42|fe|d9|97|4b|c6|00|83|01|00|91|08|61|42|fe|d9|97|4b|c6|00|83|01|00|91|08|61|42|fe|d9|97|4b|c6|00|83|01|00|91|08|61|42|fe|d9|97|4b|c6|00|83|01|00|91|08|61|42|fe|d9|97|4b|c6|00|83|01|00|91|08|61|42|fe|d9|97|4b|c6|00|83|01|00|91|08|61|42|fe|d9|97|4b|c6|00|83|01|00|91|08|61|42|fe|d9|97|4b|c6|00|83|01|00|91|08|61|42|fe|d9|97|4b|c6|00|83|01|00|91|08|61|42|fe|d9|97|4b|c6|00|83|01|00|91|08|61|42|fe|d9|97|4b|c6|00|83|01|00|91|08|61|42|fe|d9|97|4b|c6|00|83|01|00|91|08|61|42|fe|d9|97|4b|c6|00|83|01|00|91|08|61|42|fe|d9|97|4b|c6|00|83|01|00|91|08|61|42|fe|d9|97|4b|c6|00|83|01|00|91|08|61|42|fe|d9|97|4b|c6|00|83|01|00|91|08|61|42|fe|d9|97|4b|c6|00|83|01|00|91|08|61|42|fe|d9|97|4b|c6|00|83|01|00|91|08|61|42|fe|d9|97|4b|c6|00|83|01|00|91|08|61|42|fe|d9|97|4b|c6|00|83|01|00|91|08|61|42|fe|d9|97|4b|c6|00|83|01|00|91|08|61|42|fe|d9|97|4b|c6|00|83|01|00|91|08|61|42|fe|d9|97|4b|c6|00|

+---------+---------------+----------+
06:00:35,733,898   ETHER
|0   |01|0c|cd|01|00|37|00|e1|c2|c3|c4|c5|81|00|80|00|88|b8|00|37|02|a6|00|00|00|00|61|82|02|9a|80|18|49|4c|31|30|30|31|52|50|49|54|2f|4c|4c|4e|30|24|47|4f|24|67|6f|63|62|31|81|02|27|10|82|18|49|4c|31|30|30|31|52|50|49|54|2f|4c|4c|4e|30|24|64|73|47|4f|4f|53|45|31|83|16|54|45|4d|50|4c|41|54|45|2f|4c|4c|4e|30|24|47|4f|24|67|6f|63|62|31|84|08|61|42|fe|d9|97|4b|c6|00|85|04|00|00|00|01|86|04|00|00|00|12|87|01|00|88|01|01|89|01|00|8a|01|65|ab|82|02|24|83|01|00|91|08|61|42|fe|d9|97|4b|b9|00|83|01|00|91|08|61|42|fe|d9|97|4b|c6|00|83|01|00|91|08|61|42|fe|d9|97|4b|c6|00|83|01|00|91|08|61|42|fe|d9|97|4b|c6|00|83|01|00|91|08|61|42|fe|d9|97|4b|c6|00|83|01|00|91|08|61|42|fe|d9|97|4b|c6|00|83|01|00|91|08|61|42|fe|d9|97|4b|c6|00|83|01|00|91|08|61|42|fe|d9|97|4b|c6|00|83|01|00|91|08|61|42|fe|d9|97|4b|c6|00|83|01|00|83|01|00|83|01|00|83|01|00|83|01|00|83|01|00|83|01|00|83|01|00|83|01|00|83|01|00|83|01|00|83|01|00|83|01|00|83|01|00|83|01|00|83|01|00|83|01|00|83|01|00|83|01|00|83|01|00|83|01|00|83|01|00|83|01|00|83|01|00|83|01|00|83|01|00|83|01|00|83|01|00|83|01|00|83|01|00|83|01|00|83|01|00|91|08|61|42|fe|d9|97|4b|c6|00|83|01|00|91|08|61|42|fe|d9|97|4b|c6|00|83|01|00|91|08|61|42|fe|d9|97|4b|c6|00|83|01|00|91|08|61|42|fe|d9|97|4b|c6|00|83|01|00|91|08|61|42|fe|d9|97|4b|c6|00|83|01|00|91|08|61|42|fe|d9|97|4b|c6|00|83|01|00|91|08|61|42|fe|d9|97|4b|c6|00|83|01|00|91|08|61|42|fe|d9|97|4b|c6|00|83|01|00|91|08|61|42|fe|d9|97|4b|c6|00|83|01|00|91|08|61|42|fe|d9|97|4b|c6|00|83|01|00|91|08|61|42|fe|d9|97|4b|c6|00|83|01|00|91|08|61|42|fe|d9|97|4b|c6|00|83|01|00|91|08|61|42|fe|d9|97|4b|c6|00|83|01|00|91|08|61|42|fe|d9|97|4b|c6|00|83|01|00|91|08|61|42|fe|d9|97|4b|c6|00|83|01|00|91|08|61|42|fe|d9|97|4b|c6|00|83|01|00|91|08|61|42|fe|d9|97|4b|c6|00|83|01|00|91|08|61|42|fe|d9|97|4b|c6|00|83|01|00|91|08|61|42|fe|d9|97|4b|c6|00|83|01|00|91|08|61|42|fe|d9|97|4b|c6|00|83|01|00|91|08|61|42|fe|d9|97|4b|c6|00|83|01|00|91|08|61|42|fe|d9|97|4b|c6|00|83|01|00|91|08|61|42|fe|d9|97|4b|c6|00|83|01|00|91|08|61|42|fe|d9|97|4b|c6|00|83|01|00|91|08|61|42|fe|d9|97|4b|c6|00|83|01|00|91|08|61|42|fe|d9|97|4b|c6|00|

+---------+---------------+----------+
06:00:40,734,046   ETHER
|0   |01|0c|cd|01|00|37|00|e1|c2|c3|c4|c5|81|00|80|00|88|b8|00|37|02|a6|00|00|00|00|61|82|02|9a|80|18|49|4c|31|30|30|31|52|50|49|54|2f|4c|4c|4e|30|24|47|4f|24|67|6f|63|62|31|81|02|27|10|82|18|49|4c|31|30|30|31|52|50|49|54|2f|4c|4c|4e|30|24|64|73|47|4f|4f|53|45|31|83|16|54|45|4d|50|4c|41|54|45|2f|4c|4c|4e|30|24|47|4f|24|67|6f|63|62|31|84|08|61|42|fe|d9|97|4b|c6|00|85|04|00|00|00|01|86|04|00|00|00|13|87|01|00|88|01|01|89|01|00|8a|01|65|ab|82|02|24|83|01|00|91|08|61|42|fe|d9|97|4b|93|00|83|01|00|91|08|61|42|fe|d9|97|4b|c6|00|83|01|00|91|08|61|42|fe|d9|97|4b|c6|00|83|01|00|91|08|61|42|fe|d9|97|4b|c6|00|83|01|00|91|08|61|42|fe|d9|97|4b|c6|00|83|01|00|91|08|61|42|fe|d9|97|4b|c6|00|83|01|00|91|08|61|42|fe|d9|97|4b|c6|00|83|01|00|91|08|61|42|fe|d9|97|4b|c6|00|83|01|00|91|08|61|42|fe|d9|97|4b|c6|00|83|01|00|83|01|00|83|01|00|83|01|00|83|01|00|83|01|00|83|01|00|83|01|00|83|01|00|83|01|00|83|01|00|83|01|00|83|01|00|83|01|00|83|01|00|83|01|00|83|01|00|83|01|00|83|01|00|83|01|00|83|01|00|83|01|00|83|01|00|83|01|00|83|01|00|83|01|00|83|01|00|83|01|00|83|01|00|83|01|00|83|01|00|83|01|00|91|08|61|42|fe|d9|97|4b|c6|00|83|01|00|91|08|61|42|fe|d9|97|4b|c6|00|83|01|00|91|08|61|42|fe|d9|97|4b|c6|00|83|01|00|91|08|61|42|fe|d9|97|4b|c6|00|83|01|00|91|08|61|42|fe|d9|97|4b|c6|00|83|01|00|91|08|61|42|fe|d9|97|4b|c6|00|83|01|00|91|08|61|42|fe|d9|97|4b|c6|00|83|01|00|91|08|61|42|fe|d9|97|4b|c6|00|83|01|00|91|08|61|42|fe|d9|97|4b|c6|00|83|01|00|91|08|61|42|fe|d9|97|4b|c6|00|83|01|00|91|08|61|42|fe|d9|97|4b|c6|00|83|01|00|91|08|61|42|fe|d9|97|4b|c6|00|83|01|00|91|08|61|42|fe|d9|97|4b|c6|00|83|01|00|91|08|61|42|fe|d9|97|4b|c6|00|83|01|00|91|08|61|42|fe|d9|97|4b|c6|00|83|01|00|91|08|61|42|fe|d9|97|4b|c6|00|83|01|00|91|08|61|42|fe|d9|97|4b|c6|00|83|01|00|91|08|61|42|fe|d9|97|4b|c6|00|83|01|00|91|08|61|42|fe|d9|97|4b|c6|00|83|01|00|91|08|61|42|fe|d9|97|4b|c6|00|83|01|00|91|08|61|42|fe|d9|97|4b|c6|00|83|01|00|91|08|61|42|fe|d9|97|4b|c6|00|83|01|00|91|08|61|42|fe|d9|97|4b|c6|00|83|01|00|91|08|61|42|fe|d9|97|4b|c6|00|83|01|00|91|08|61|42|fe|d9|97|4b|c6|00|83|01|00|91|08|61|42|fe|d9|97|4b|c6|00|

+---------+---------------+----------+
06:00:45,734,193   ETHER
|0   |01|0c|cd|01|00|37|00|e1|c2|c3|c4|c5|81|00|80|00|88|b8|00|37|02|a6|00|00|00|00|61|82|02|9a|80|18|49|4c|31|30|30|31|52|50|49|54|2f|4c|4c|4e|30|24|47|4f|24|67|6f|63|62|31|81|02|27|10|82|18|49|4c|31|30|30|31|52|50|49|54|2f|4c|4c|4e|30|24|64|73|47|4f|4f|53|45|31|83|16|54|45|4d|50|4c|41|54|45|2f|4c|4c|4e|30|24|47|4f|24|67|6f|63|62|31|84|08|61|42|fe|d9|97|4b|c6|00|85|04|00|00|00|01|86|04|00|00|00|14|87|01|00|88|01|01|89|01|00|8a|01|65|ab|82|02|24|83|01|00|91|08|61|42|fe|d9|97|4b|c5|00|83|01|00|91|08|61|42|fe|d9|97|4b|c6|00|83|01|00|91|08|61|42|fe|d9|97|4b|c6|00|83|01|00|91|08|61|42|fe|d9|97|4b|c6|00|83|01|00|91|08|61|42|fe|d9|97|4b|c6|00|83|01|00|91|08|61|42|fe|d9|97|4b|c6|00|83|01|00|91|08|61|42|fe|d9|97|4b|c6|00|83|01|00|91|08|61|42|fe|d9|97|4b|c6|00|83|01|00|91|08|61|42|fe|d9|97|4b|c6|00|83|01|00|83|01|00|83|01|00|83|01|00|83|01|00|83|01|00|83|01|00|83|01|00|83|01|00|83|01|00|83|01|00|83|01|00|83|01|00|83|01|00|83|01|00|83|01|00|83|01|00|83|01|00|83|01|00|83|01|00|83|01|00|83|01|00|83|01|00|83|01|00|83|01|00|83|01|00|83|01|00|83|01|00|83|01|00|83|01|00|83|01|00|83|01|00|91|08|61|42|fe|d9|97|4b|c6|00|83|01|00|91|08|61|42|fe|d9|97|4b|c6|00|83|01|00|91|08|61|42|fe|d9|97|4b|c6|00|83|01|00|91|08|61|42|fe|d9|97|4b|c6|00|83|01|00|91|08|61|42|fe|d9|97|4b|c6|00|83|01|00|91|08|61|42|fe|d9|97|4b|c6|00|83|01|00|91|08|61|42|fe|d9|97|4b|c6|00|83|01|00|91|08|61|42|fe|d9|97|4b|c6|00|83|01|00|91|08|61|42|fe|d9|97|4b|c6|00|83|01|00|91|08|61|42|fe|d9|97|4b|c6|00|83|01|00|91|08|61|42|fe|d9|97|4b|c6|00|83|01|00|91|08|61|42|fe|d9|97|4b|c6|00|83|01|00|91|08|61|42|fe|d9|97|4b|c6|00|83|01|00|91|08|61|42|fe|d9|97|4b|c6|00|83|01|00|91|08|61|42|fe|d9|97|4b|c6|00|83|01|00|91|08|61|42|fe|d9|97|4b|c6|00|83|01|00|91|08|61|42|fe|d9|97|4b|c6|00|83|01|00|91|08|61|42|fe|d9|97|4b|c6|00|83|01|00|91|08|61|42|fe|d9|97|4b|c6|00|83|01|00|91|08|61|42|fe|d9|97|4b|c6|00|83|01|00|91|08|61|42|fe|d9|97|4b|c6|00|83|01|00|91|08|61|42|fe|d9|97|4b|c6|00|83|01|00|91|08|61|42|fe|d9|97|4b|c6|00|83|01|00|91|08|61|42|fe|d9|97|4b|c6|00|83|01|00|91|08|61|42|fe|d9|97|4b|c6|00|83|01|00|91|08|61|42|fe|d9|97|4b|c6|00|

+---------+---------------+----------+
06:00:50,734,341   ETHER
|0   |01|0c|cd|01|00|37|00|e1|c2|c3|c4|c5|81|00|80|00|88|b8|00|37|02|a6|00|00|00|00|61|82|02|9a|80|18|49|4c|31|30|30|31|52|50|49|54|2f|4c|4c|4e|30|24|47|4f|24|67|6f|63|62|31|81|02|27|10|82|18|49|4c|31|30|30|31|52|50|49|54|2f|4c|4c|4e|30|24|64|73|47|4f|4f|53|45|31|83|16|54|45|4d|50|4c|41|54|45|2f|4c|4c|4e|30|24|47|4f|24|67|6f|63|62|31|84|08|61|42|fe|d9|97|4b|c6|00|85|04|00|00|00|01|86|04|00|00|00|15|87|01|00|88|01|01|89|01|00|8a|01|65|ab|82|02|24|83|01|00|91|08|61|42|fe|d9|97|4b|8e|00|83|01|00|91|08|61|42|fe|d9|97|4b|c6|00|83|01|00|91|08|61|42|fe|d9|97|4b|c6|00|83|01|00|91|08|61|42|fe|d9|97|4b|c6|00|83|01|00|91|08|61|42|fe|d9|97|4b|c6|00|83|01|00|91|08|61|42|fe|d9|97|4b|c6|00|83|01|00|91|08|61|42|fe|d9|97|4b|c6|00|83|01|00|91|08|61|42|fe|d9|97|4b|c6|00|83|01|00|91|08|61|42|fe|d9|97|4b|c6|00|83|01|00|83|01|00|83|01|00|83|01|00|83|01|00|83|01|00|83|01|00|83|01|00|83|01|00|83|01|00|83|01|00|83|01|00|83|01|00|83|01|00|83|01|00|83|01|00|83|01|00|83|01|00|83|01|00|83|01|00|83|01|00|83|01|00|83|01|00|83|01|00|83|01|00|83|01|00|83|01|00|83|01|00|83|01|00|83|01|00|83|01|00|83|01|00|91|08|61|42|fe|d9|97|4b|c6|00|83|01|00|91|08|61|42|fe|d9|97|4b|c6|00|83|01|00|91|08|61|42|fe|d9|97|4b|c6|00|83|01|00|91|08|61|42|fe|d9|97|4b|c6|00|83|01|00|91|08|61|42|fe|d9|97|4b|c6|00|83|01|00|91|08|61|42|fe|d9|97|4b|c6|00|83|01|00|91|08|61|42|fe|d9|97|4b|c6|00|83|01|00|91|08|61|42|fe|d9|97|4b|c6|00|83|01|00|91|08|61|42|fe|d9|97|4b|c6|00|83|01|00|91|08|61|42|fe|d9|97|4b|c6|00|83|01|00|91|08|61|42|fe|d9|97|4b|c6|00|83|01|00|91|08|61|42|fe|d9|97|4b|c6|00|83|01|00|91|08|61|42|fe|d9|97|4b|c6|00|83|01|00|91|08|61|42|fe|d9|97|4b|c6|00|83|01|00|91|08|61|42|fe|d9|97|4b|c6|00|83|01|00|91|08|61|42|fe|d9|97|4b|c6|00|83|01|00|91|08|61|42|fe|d9|97|4b|c6|00|83|01|00|91|08|61|42|fe|d9|97|4b|c6|00|83|01|00|91|08|61|42|fe|d9|97|4b|c6|00|83|01|00|91|08|61|42|fe|d9|97|4b|c6|00|83|01|00|91|08|61|42|fe|d9|97|4b|c6|00|83|01|00|91|08|61|42|fe|d9|97|4b|c6|00|83|01|00|91|08|61|42|fe|d9|97|4b|c6|00|83|01|00|91|08|61|42|fe|d9|97|4b|c6|00|83|01|00|91|08|61|42|fe|d9|97|4b|c6|00|83|01|00|91|08|61|42|fe|d9|97|4b|c6|00|

+---------+---------------+----------+
06:00:55,734,489   ETHER
|0   |01|0c|cd|01|00|37|00|e1|c2|c3|c4|c5|81|00|80|00|88|b8|00|37|02|a6|00|00|00|00|61|82|02|9a|80|18|49|4c|31|30|30|31|52|50|49|54|2f|4c|4c|4e|30|24|47|4f|24|67|6f|63|62|31|81|02|27|10|82|18|49|4c|31|30|30|31|52|50|49|54|2f|4c|4c|4e|30|24|64|73|47|4f|4f|53|45|31|83|16|54|45|4d|50|4c|41|54|45|2f|4c|4c|4e|30|24|47|4f|24|67|6f|63|62|31|84|08|61|42|fe|d9|97|4b|c6|00|85|04|00|00|00|01|86|04|00|00|00|16|87|01|00|88|01|01|89|01|00|8a|01|65|ab|82|02|24|83|01|00|91|08|61|42|fe|d9|97|4b|91|00|83|01|00|91|08|61|42|fe|d9|97|4b|c6|00|83|01|00|91|08|61|42|fe|d9|97|4b|c6|00|83|01|00|91|08|61|42|fe|d9|97|4b|c6|00|83|01|00|91|08|61|42|fe|d9|97|4b|c6|00|83|01|00|91|08|61|42|fe|d9|97|4b|c6|00|83|01|00|91|08|61|42|fe|d9|97|4b|c6|00|83|01|00|91|08|61|42|fe|d9|97|4b|c6|00|83|01|00|91|08|61|42|fe|d9|97|4b|c6|00|83|01|00|83|01|00|83|01|00|83|01|00|83|01|00|83|01|00|83|01|00|83|01|00|83|01|00|83|01|00|83|01|00|83|01|00|83|01|00|83|01|00|83|01|00|83|01|00|83|01|00|83|01|00|83|01|00|83|01|00|83|01|00|83|01|00|83|01|00|83|01|00|83|01|00|83|01|00|83|01|00|83|01|00|83|01|00|83|01|00|83|01|00|83|01|00|91|08|61|42|fe|d9|97|4b|c6|00|83|01|00|91|08|61|42|fe|d9|97|4b|c6|00|83|01|00|91|08|61|42|fe|d9|97|4b|c6|00|83|01|00|91|08|61|42|fe|d9|97|4b|c6|00|83|01|00|91|08|61|42|fe|d9|97|4b|c6|00|83|01|00|91|08|61|42|fe|d9|97|4b|c6|00|83|01|00|91|08|61|42|fe|d9|97|4b|c6|00|83|01|00|91|08|61|42|fe|d9|97|4b|c6|00|83|01|00|91|08|61|42|fe|d9|97|4b|c6|00|83|01|00|91|08|61|42|fe|d9|97|4b|c6|00|83|01|00|91|08|61|42|fe|d9|97|4b|c6|00|83|01|00|91|08|61|42|fe|d9|97|4b|c6|00|83|01|00|91|08|61|42|fe|d9|97|4b|c6|00|83|01|00|91|08|61|42|fe|d9|97|4b|c6|00|83|01|00|91|08|61|42|fe|d9|97|4b|c6|00|83|01|00|91|08|61|42|fe|d9|97|4b|c6|00|83|01|00|91|08|61|42|fe|d9|97|4b|c6|00|83|01|00|91|08|61|42|fe|d9|97|4b|c6|00|83|01|00|91|08|61|42|fe|d9|97|4b|c6|00|83|01|00|91|08|61|42|fe|d9|97|4b|c6|00|83|01|00|91|08|61|42|fe|d9|97|4b|c6|00|83|01|00|91|08|61|42|fe|d9|97|4b|c6|00|83|01|00|91|08|61|42|fe|d9|97|4b|c6|00|83|01|00|91|08|61|42|fe|d9|97|4b|c6|00|83|01|00|91|08|61|42|fe|d9|97|4b|c6|00|83|01|00|91|08|61|42|fe|d9|97|4b|c6|00|

+---------+---------------+----------+
06:01:00,734,636   ETHER
|0   |01|0c|cd|01|00|37|00|e1|c2|c3|c4|c5|81|00|80|00|88|b8|00|37|02|a6|00|00|00|00|61|82|02|9a|80|18|49|4c|31|30|30|31|52|50|49|54|2f|4c|4c|4e|30|24|47|4f|24|67|6f|63|62|31|81|02|27|10|82|18|49|4c|31|30|30|31|52|50|49|54|2f|4c|4c|4e|30|24|64|73|47|4f|4f|53|45|31|83|16|54|45|4d|50|4c|41|54|45|2f|4c|4c|4e|30|24|47|4f|24|67|6f|63|62|31|84|08|61|42|fe|d9|97|4b|c6|00|85|04|00|00|00|01|86|04|00|00|00|17|87|01|00|88|01|01|89|01|00|8a|01|65|ab|82|02|24|83|01|00|91|08|61|42|fe|d9|97|4b|b9|00|83|01|00|91|08|61|42|fe|d9|97|4b|c6|00|83|01|00|91|08|61|42|fe|d9|97|4b|c6|00|83|01|00|91|08|61|42|fe|d9|97|4b|c6|00|83|01|00|91|08|61|42|fe|d9|97|4b|c6|00|83|01|00|91|08|61|42|fe|d9|97|4b|c6|00|83|01|00|91|08|61|42|fe|d9|97|4b|c6|00|83|01|00|91|08|61|42|fe|d9|97|4b|c6|00|83|01|00|91|08|61|42|fe|d9|97|4b|c6|00|83|01|00|83|01|00|83|01|00|83|01|00|83|01|00|83|01|00|83|01|00|83|01|00|83|01|00|83|01|00|83|01|00|83|01|00|83|01|00|83|01|00|83|01|00|83|01|00|83|01|00|83|01|00|83|01|00|83|01|00|83|01|00|83|01|00|83|01|00|83|01|00|83|01|00|83|01|00|83|01|00|83|01|00|83|01|00|83|01|00|83|01|00|83|01|00|91|08|61|42|fe|d9|97|4b|c6|00|83|01|00|91|08|61|42|fe|d9|97|4b|c6|00|83|01|00|91|08|61|42|fe|d9|97|4b|c6|00|83|01|00|91|08|61|42|fe|d9|97|4b|c6|00|83|01|00|91|08|61|42|fe|d9|97|4b|c6|00|83|01|00|91|08|61|42|fe|d9|97|4b|c6|00|83|01|00|91|08|61|42|fe|d9|97|4b|c6|00|83|01|00|91|08|61|42|fe|d9|97|4b|c6|00|83|01|00|91|08|61|42|fe|d9|97|4b|c6|00|83|01|00|91|08|61|42|fe|d9|97|4b|c6|00|83|01|00|91|08|61|42|fe|d9|97|4b|c6|00|83|01|00|91|08|61|42|fe|d9|97|4b|c6|00|83|01|00|91|08|61|42|fe|d9|97|4b|c6|00|83|01|00|91|08|61|42|fe|d9|97|4b|c6|00|83|01|00|91|08|61|42|fe|d9|97|4b|c6|00|83|01|00|91|08|61|42|fe|d9|97|4b|c6|00|83|01|00|91|08|61|42|fe|d9|97|4b|c6|00|83|01|00|91|08|61|42|fe|d9|97|4b|c6|00|83|01|00|91|08|61|42|fe|d9|97|4b|c6|00|83|01|00|91|08|61|42|fe|d9|97|4b|c6|00|83|01|00|91|08|61|42|fe|d9|97|4b|c6|00|83|01|00|91|08|61|42|fe|d9|97|4b|c6|00|83|01|00|91|08|61|42|fe|d9|97|4b|c6|00|83|01|00|91|08|61|42|fe|d9|97|4b|c6|00|83|01|00|91|08|61|42|fe|d9|97|4b|c6|00|83|01|00|91|08|61|42|fe|d9|97|4b|c6|00|

+---------+---------------+----------+
06:01:05,734,783   ETHER
|0   |01|0c|cd|01|00|37|00|e1|c2|c3|c4|c5|81|00|80|00|88|b8|00|37|02|a6|00|00|00|00|61|82|02|9a|80|18|49|4c|31|30|30|31|52|50|49|54|2f|4c|4c|4e|30|24|47|4f|24|67|6f|63|62|31|81|02|27|10|82|18|49|4c|31|30|30|31|52|50|49|54|2f|4c|4c|4e|30|24|64|73|47|4f|4f|53|45|31|83|16|54|45|4d|50|4c|41|54|45|2f|4c|4c|4e|30|24|47|4f|24|67|6f|63|62|31|84|08|61|42|fe|d9|97|4b|c6|00|85|04|00|00|00|01|86|04|00|00|00|18|87|01|00|88|01|01|89|01|00|8a|01|65|ab|82|02|24|83|01|00|91|08|61|42|fe|d9|97|4b|b6|00|83|01|00|91|08|61|42|fe|d9|97|4b|c6|00|83|01|00|91|08|61|42|fe|d9|97|4b|c6|00|83|01|00|91|08|61|42|fe|d9|97|4b|c6|00|83|01|00|91|08|61|42|fe|d9|97|4b|c6|00|83|01|00|91|08|61|42|fe|d9|97|4b|c6|00|83|01|00|91|08|61|42|fe|d9|97|4b|c6|00|83|01|00|91|08|61|42|fe|d9|97|4b|c6|00|83|01|00|91|08|61|42|fe|d9|97|4b|c6|00|83|01|00|83|01|00|83|01|00|83|01|00|83|01|00|83|01|00|83|01|00|83|01|00|83|01|00|83|01|00|83|01|00|83|01|00|83|01|00|83|01|00|83|01|00|83|01|00|83|01|00|83|01|00|83|01|00|83|01|00|83|01|00|83|01|00|83|01|00|83|01|00|83|01|00|83|01|00|83|01|00|83|01|00|83|01|00|83|01|00|83|01|00|83|01|00|91|08|61|42|fe|d9|97|4b|c6|00|83|01|00|91|08|61|42|fe|d9|97|4b|c6|00|83|01|00|91|08|61|42|fe|d9|97|4b|c6|00|83|01|00|91|08|61|42|fe|d9|97|4b|c6|00|83|01|00|91|08|61|42|fe|d9|97|4b|c6|00|83|01|00|91|08|61|42|fe|d9|97|4b|c6|00|83|01|00|91|08|61|42|fe|d9|97|4b|c6|00|83|01|00|91|08|61|42|fe|d9|97|4b|c6|00|83|01|00|91|08|61|42|fe|d9|97|4b|c6|00|83|01|00|91|08|61|42|fe|d9|97|4b|c6|00|83|01|00|91|08|61|42|fe|d9|97|4b|c6|00|83|01|00|91|08|61|42|fe|d9|97|4b|c6|00|83|01|00|91|08|61|42|fe|d9|97|4b|c6|00|83|01|00|91|08|61|42|fe|d9|97|4b|c6|00|83|01|00|91|08|61|42|fe|d9|97|4b|c6|00|83|01|00|91|08|61|42|fe|d9|97|4b|c6|00|83|01|00|91|08|61|42|fe|d9|97|4b|c6|00|83|01|00|91|08|61|42|fe|d9|97|4b|c6|00|83|01|00|91|08|61|42|fe|d9|97|4b|c6|00|83|01|00|91|08|61|42|fe|d9|97|4b|c6|00|83|01|00|91|08|61|42|fe|d9|97|4b|c6|00|83|01|00|91|08|61|42|fe|d9|97|4b|c6|00|83|01|00|91|08|61|42|fe|d9|97|4b|c6|00|83|01|00|91|08|61|42|fe|d9|97|4b|c6|00|83|01|00|91|08|61|42|fe|d9|97|4b|c6|00|83|01|00|91|08|61|42|fe|d9|97|4b|c6|00|

+---------+---------------+----------+
06:01:10,734,931   ETHER
|0   |01|0c|cd|01|00|37|00|e1|c2|c3|c4|c5|81|00|80|00|88|b8|00|37|02|a6|00|00|00|00|61|82|02|9a|80|18|49|4c|31|30|30|31|52|50|49|54|2f|4c|4c|4e|30|24|47|4f|24|67|6f|63|62|31|81|02|27|10|82|18|49|4c|31|30|30|31|52|50|49|54|2f|4c|4c|4e|30|24|64|73|47|4f|4f|53|45|31|83|16|54|45|4d|50|4c|41|54|45|2f|4c|4c|4e|30|24|47|4f|24|67|6f|63|62|31|84|08|61|42|fe|d9|97|4b|c6|00|85|04|00|00|00|01|86|04|00|00|00|19|87|01|00|88|01|01|89|01|00|8a|01|65|ab|82|02|24|83|01|00|91|08|61|42|fe|d9|97|4b|ac|00|83|01|00|91|08|61|42|fe|d9|97|4b|c6|00|83|01|00|91|08|61|42|fe|d9|97|4b|c6|00|83|01|00|91|08|61|42|fe|d9|97|4b|c6|00|83|01|00|91|08|61|42|fe|d9|97|4b|c6|00|83|01|00|91|08|61|42|fe|d9|97|4b|c6|00|83|01|00|91|08|61|42|fe|d9|97|4b|c6|00|83|01|00|91|08|61|42|fe|d9|97|4b|c6|00|83|01|00|91|08|61|42|fe|d9|97|4b|c6|00|83|01|00|83|01|00|83|01|00|83|01|00|83|01|00|83|01|00|83|01|00|83|01|00|83|01|00|83|01|00|83|01|00|83|01|00|83|01|00|83|01|00|83|01|00|83|01|00|83|01|00|83|01|00|83|01|00|83|01|00|83|01|00|83|01|00|83|01|00|83|01|00|83|01|00|83|01|00|83|01|00|83|01|00|83|01|00|83|01|00|83|01|00|83|01|00|91|08|61|42|fe|d9|97|4b|c6|00|83|01|00|91|08|61|42|fe|d9|97|4b|c6|00|83|01|00|91|08|61|42|fe|d9|97|4b|c6|00|83|01|00|91|08|61|42|fe|d9|97|4b|c6|00|83|01|00|91|08|61|42|fe|d9|97|4b|c6|00|83|01|00|91|08|61|42|fe|d9|97|4b|c6|00|83|01|00|91|08|61|42|fe|d9|97|4b|c6|00|83|01|00|91|08|61|42|fe|d9|97|4b|c6|00|83|01|00|91|08|61|42|fe|d9|97|4b|c6|00|83|01|00|91|08|61|42|fe|d9|97|4b|c6|00|83|01|00|91|08|61|42|fe|d9|97|4b|c6|00|83|01|00|91|08|61|42|fe|d9|97|4b|c6|00|83|01|00|91|08|61|42|fe|d9|97|4b|c6|00|83|01|00|91|08|61|42|fe|d9|97|4b|c6|00|83|01|00|91|08|61|42|fe|d9|97|4b|c6|00|83|01|00|91|08|61|42|fe|d9|97|4b|c6|00|83|01|00|91|08|61|42|fe|d9|97|4b|c6|00|83|01|00|91|08|61|42|fe|d9|97|4b|c6|00|83|01|00|91|08|61|42|fe|d9|97|4b|c6|00|83|01|00|91|08|61|42|fe|d9|97|4b|c6|00|83|01|00|91|08|61|42|fe|d9|97|4b|c6|00|83|01|00|91|08|61|42|fe|d9|97|4b|c6|00|83|01|00|91|08|61|42|fe|d9|97|4b|c6|00|83|01|00|91|08|61|42|fe|d9|97|4b|c6|00|83|01|00|91|08|61|42|fe|d9|97|4b|c6|00|83|01|00|91|08|61|42|fe|d9|97|4b|c6|00|

+---------+---------------+----------+
06:01:15,735,078   ETHER
|0   |01|0c|cd|01|00|37|00|e1|c2|c3|c4|c5|81|00|80|00|88|b8|00|37|02|a6|00|00|00|00|61|82|02|9a|80|18|49|4c|31|30|30|31|52|50|49|54|2f|4c|4c|4e|30|24|47|4f|24|67|6f|63|62|31|81|02|27|10|82|18|49|4c|31|30|30|31|52|50|49|54|2f|4c|4c|4e|30|24|64|73|47|4f|4f|53|45|31|83|16|54|45|4d|50|4c|41|54|45|2f|4c|4c|4e|30|24|47|4f|24|67|6f|63|62|31|84|08|61|42|fe|d9|97|4b|c6|00|85|04|00|00|00|01|86|04|00|00|00|1a|87|01|00|88|01|01|89|01|00|8a|01|65|ab|82|02|24|83|01|00|91|08|61|42|fe|d9|97|4b|6c|00|83|01|00|91|08|61|42|fe|d9|97|4b|c6|00|83|01|00|91|08|61|42|fe|d9|97|4b|c6|00|83|01|00|91|08|61|42|fe|d9|97|4b|c6|00|83|01|00|91|08|61|42|fe|d9|97|4b|c6|00|83|01|00|91|08|61|42|fe|d9|97|4b|c6|00|83|01|00|91|08|61|42|fe|d9|97|4b|c6|00|83|01|00|91|08|61|42|fe|d9|97|4b|c6|00|83|01|00|91|08|61|42|fe|d9|97|4b|c6|00|83|01|00|83|01|00|83|01|00|83|01|00|83|01|00|83|01|00|83|01|00|83|01|00|83|01|00|83|01|00|83|01|00|83|01|00|83|01|00|83|01|00|83|01|00|83|01|00|83|01|00|83|01|00|83|01|00|83|01|00|83|01|00|83|01|00|83|01|00|83|01|00|83|01|00|83|01|00|83|01|00|83|01|00|83|01|00|83|01|00|83|01|00|83|01|00|91|08|61|42|fe|d9|97|4b|c6|00|83|01|00|91|08|61|42|fe|d9|97|4b|c6|00|83|01|00|91|08|61|42|fe|d9|97|4b|c6|00|83|01|00|91|08|61|42|fe|d9|97|4b|c6|00|83|01|00|91|08|61|42|fe|d9|97|4b|c6|00|83|01|00|91|08|61|42|fe|d9|97|4b|c6|00|83|01|00|91|08|61|42|fe|d9|97|4b|c6|00|83|01|00|91|08|61|42|fe|d9|97|4b|c6|00|83|01|00|91|08|61|42|fe|d9|97|4b|c6|00|83|01|00|91|08|61|42|fe|d9|97|4b|c6|00|83|01|00|91|08|61|42|fe|d9|97|4b|c6|00|83|01|00|91|08|61|42|fe|d9|97|4b|c6|00|83|01|00|91|08|61|42|fe|d9|97|4b|c6|00|83|01|00|91|08|61|42|fe|d9|97|4b|c6|00|83|01|00|91|08|61|42|fe|d9|97|4b|c6|00|83|01|00|91|08|61|42|fe|d9|97|4b|c6|00|83|01|00|91|08|61|42|fe|d9|97|4b|c6|00|83|01|00|91|08|61|42|fe|d9|97|4b|c6|00|83|01|00|91|08|61|42|fe|d9|97|4b|c6|00|83|01|00|91|08|61|42|fe|d9|97|4b|c6|00|83|01|00|91|08|61|42|fe|d9|97|4b|c6|00|83|01|00|91|08|61|42|fe|d9|97|4b|c6|00|83|01|00|91|08|61|42|fe|d9|97|4b|c6|00|83|01|00|91|08|61|42|fe|d9|97|4b|c6|00|83|01|00|91|08|61|42|fe|d9|97|4b|c6|00|83|01|00|91|08|61|42|fe|d9|97|4b|c6|00|

+---------+---------------+----------+
06:01:20,735,225   ETHER
|0   |01|0c|cd|01|00|37|00|e1|c2|c3|c4|c5|81|00|80|00|88|b8|00|37|02|a6|00|00|00|00|61|82|02|9a|80|18|49|4c|31|30|30|31|52|50|49|54|2f|4c|4c|4e|30|24|47|4f|24|67|6f|63|62|31|81|02|27|10|82|18|49|4c|31|30|30|31|52|50|49|54|2f|4c|4c|4e|30|24|64|73|47|4f|4f|53|45|31|83|16|54|45|4d|50|4c|41|54|45|2f|4c|4c|4e|30|24|47|4f|24|67|6f|63|62|31|84|08|61|42|fe|d9|97|4b|c6|00|85|04|00|00|00|01|86|04|00|00|00|1b|87|01|00|88|01|01|89|01|00|8a|01|65|ab|82|02|24|83|01|00|91|08|61|42|fe|d9|97|4b|22|00|83|01|00|91|08|61|42|fe|d9|97|4b|c6|00|83|01|00|91|08|61|42|fe|d9|97|4b|c6|00|83|01|00|91|08|61|42|fe|d9|97|4b|c6|00|83|01|00|91|08|61|42|fe|d9|97|4b|c6|00|83|01|00|91|08|61|42|fe|d9|97|4b|c6|00|83|01|00|91|08|61|42|fe|d9|97|4b|c6|00|83|01|00|91|08|61|42|fe|d9|97|4b|c6|00|83|01|00|91|08|61|42|fe|d9|97|4b|c6|00|83|01|00|83|01|00|83|01|00|83|01|00|83|01|00|83|01|00|83|01|00|83|01|00|83|01|00|83|01|00|83|01|00|83|01|00|83|01|00|83|01|00|83|01|00|83|01|00|83|01|00|83|01|00|83|01|00|83|01|00|83|01|00|83|01|00|83|01|00|83|01|00|83|01|00|83|01|00|83|01|00|83|01|00|83|01|00|83|01|00|83|01|00|83|01|00|91|08|61|42|fe|d9|97|4b|c6|00|83|01|00|91|08|61|42|fe|d9|97|4b|c6|00|83|01|00|91|08|61|42|fe|d9|97|4b|c6|00|83|01|00|91|08|61|42|fe|d9|97|4b|c6|00|83|01|00|91|08|61|42|fe|d9|97|4b|c6|00|83|01|00|91|08|61|42|fe|d9|97|4b|c6|00|83|01|00|91|08|61|42|fe|d9|97|4b|c6|00|83|01|00|91|08|61|42|fe|d9|97|4b|c6|00|83|01|00|91|08|61|42|fe|d9|97|4b|c6|00|83|01|00|91|08|61|42|fe|d9|97|4b|c6|00|83|01|00|91|08|61|42|fe|d9|97|4b|c6|00|83|01|00|91|08|61|42|fe|d9|97|4b|c6|00|83|01|00|91|08|61|42|fe|d9|97|4b|c6|00|83|01|00|91|08|61|42|fe|d9|97|4b|c6|00|83|01|00|91|08|61|42|fe|d9|97|4b|c6|00|83|01|00|91|08|61|42|fe|d9|97|4b|c6|00|83|01|00|91|08|61|42|fe|d9|97|4b|c6|00|83|01|00|91|08|61|42|fe|d9|97|4b|c6|00|83|01|00|91|08|61|42|fe|d9|97|4b|c6|00|83|01|00|91|08|61|42|fe|d9|97|4b|c6|00|83|01|00|91|08|61|42|fe|d9|97|4b|c6|00|83|01|00|91|08|61|42|fe|d9|97|4b|c6|00|83|01|00|91|08|61|42|fe|d9|97|4b|c6|00|83|01|00|91|08|61|42|fe|d9|97|4b|c6|00|83|01|00|91|08|61|42|fe|d9|97|4b|c6|00|83|01|00|91|08|61|42|fe|d9|97|4b|c6|00|

+---------+---------------+----------+
06:01:25,735,373   ETHER
|0   |01|0c|cd|01|00|37|00|e1|c2|c3|c4|c5|81|00|80|00|88|b8|00|37|02|a6|00|00|00|00|61|82|02|9a|80|18|49|4c|31|30|30|31|52|50|49|54|2f|4c|4c|4e|30|24|47|4f|24|67|6f|63|62|31|81|02|27|10|82|18|49|4c|31|30|30|31|52|50|49|54|2f|4c|4c|4e|30|24|64|73|47|4f|4f|53|45|31|83|16|54|45|4d|50|4c|41|54|45|2f|4c|4c|4e|30|24|47|4f|24|67|6f|63|62|31|84|08|61|42|fe|d9|97|4b|c6|00|85|04|00|00|00|01|86|04|00|00|00|1c|87|01|00|88|01|01|89|01|00|8a|01|65|ab|82|02|24|83|01|00|91|08|61|42|fe|d9|97|4b|40|00|83|01|00|91|08|61|42|fe|d9|97|4b|c6|00|83|01|00|91|08|61|42|fe|d9|97|4b|c6|00|83|01|00|91|08|61|42|fe|d9|97|4b|c6|00|83|01|00|91|08|61|42|fe|d9|97|4b|c6|00|83|01|00|91|08|61|42|fe|d9|97|4b|c6|00|83|01|00|91|08|61|42|fe|d9|97|4b|c6|00|83|01|00|91|08|61|42|fe|d9|97|4b|c6|00|83|01|00|91|08|61|42|fe|d9|97|4b|c6|00|83|01|00|83|01|00|83|01|00|83|01|00|83|01|00|83|01|00|83|01|00|83|01|00|83|01|00|83|01|00|83|01|00|83|01|00|83|01|00|83|01|00|83|01|00|83|01|00|83|01|00|83|01|00|83|01|00|83|01|00|83|01|00|83|01|00|83|01|00|83|01|00|83|01|00|83|01|00|83|01|00|83|01|00|83|01|00|83|01|00|83|01|00|83|01|00|91|08|61|42|fe|d9|97|4b|c6|00|83|01|00|91|08|61|42|fe|d9|97|4b|c6|00|83|01|00|91|08|61|42|fe|d9|97|4b|c6|00|83|01|00|91|08|61|42|fe|d9|97|4b|c6|00|83|01|00|91|08|61|42|fe|d9|97|4b|c6|00|83|01|00|91|08|61|42|fe|d9|97|4b|c6|00|83|01|00|91|08|61|42|fe|d9|97|4b|c6|00|83|01|00|91|08|61|42|fe|d9|97|4b|c6|00|83|01|00|91|08|61|42|fe|d9|97|4b|c6|00|83|01|00|91|08|61|42|fe|d9|97|4b|c6|00|83|01|00|91|08|61|42|fe|d9|97|4b|c6|00|83|01|00|91|08|61|42|fe|d9|97|4b|c6|00|83|01|00|91|08|61|42|fe|d9|97|4b|c6|00|83|01|00|91|08|61|42|fe|d9|97|4b|c6|00|83|01|00|91|08|61|42|fe|d9|97|4b|c6|00|83|01|00|91|08|61|42|fe|d9|97|4b|c6|00|83|01|00|91|08|61|42|fe|d9|97|4b|c6|00|83|01|00|91|08|61|42|fe|d9|97|4b|c6|00|83|01|00|91|08|61|42|fe|d9|97|4b|c6|00|83|01|00|91|08|61|42|fe|d9|97|4b|c6|00|83|01|00|91|08|61|42|fe|d9|97|4b|c6|00|83|01|00|91|08|61|42|fe|d9|97|4b|c6|00|83|01|00|91|08|61|42|fe|d9|97|4b|c6|00|83|01|00|91|08|61|42|fe|d9|97|4b|c6|00|83|01|00|91|08|61|42|fe|d9|97|4b|c6|00|83|01|00|91|08|61|42|fe|d9|97|4b|c6|00|

+---------+---------------+----------+
06:01:30,735,520   ETHER
|0   |01|0c|cd|01|00|37|00|e1|c2|c3|c4|c5|81|00|80|00|88|b8|00|37|02|a6|00|00|00|00|61|82|02|9a|80|18|49|4c|31|30|30|31|52|50|49|54|2f|4c|4c|4e|30|24|47|4f|24|67|6f|63|62|31|81|02|27|10|82|18|49|4c|31|30|30|31|52|50|49|54|2f|4c|4c|4e|30|24|64|73|47|4f|4f|53|45|31|83|16|54|45|4d|50|4c|41|54|45|2f|4c|4c|4e|30|24|47|4f|24|67|6f|63|62|31|84|08|61|42|fe|d9|97|4b|c6|00|85|04|00|00|00|01|86|04|00|00|00|1d|87|01|00|88|01|01|89|01|00|8a|01|65|ab|82|02|24|83|01|00|91|08|61|42|fe|d9|97|4b|bd|00|83|01|00|91|08|61|42|fe|d9|97|4b|c6|00|83|01|00|91|08|61|42|fe|d9|97|4b|c6|00|83|01|00|91|08|61|42|fe|d9|97|4b|c6|00|83|01|00|91|08|61|42|fe|d9|97|4b|c6|00|83|01|00|91|08|61|42|fe|d9|97|4b|c6|00|83|01|00|91|08|61|42|fe|d9|97|4b|c6|00|83|01|00|91|08|61|42|fe|d9|97|4b|c6|00|83|01|00|91|08|61|42|fe|d9|97|4b|c6|00|83|01|00|83|01|00|83|01|00|83|01|00|83|01|00|83|01|00|83|01|00|83|01|00|83|01|00|83|01|00|83|01|00|83|01|00|83|01|00|83|01|00|83|01|00|83|01|00|83|01|00|83|01|00|83|01|00|83|01|00|83|01|00|83|01|00|83|01|00|83|01|00|83|01|00|83|01|00|83|01|00|83|01|00|83|01|00|83|01|00|83|01|00|83|01|00|91|08|61|42|fe|d9|97|4b|c6|00|83|01|00|91|08|61|42|fe|d9|97|4b|c6|00|83|01|00|91|08|61|42|fe|d9|97|4b|c6|00|83|01|00|91|08|61|42|fe|d9|97|4b|c6|00|83|01|00|91|08|61|42|fe|d9|97|4b|c6|00|83|01|00|91|08|61|42|fe|d9|97|4b|c6|00|83|01|00|91|08|61|42|fe|d9|97|4b|c6|00|83|01|00|91|08|61|42|fe|d9|97|4b|c6|00|83|01|00|91|08|61|42|fe|d9|97|4b|c6|00|83|01|00|91|08|61|42|fe|d9|97|4b|c6|00|83|01|00|91|08|61|42|fe|d9|97|4b|c6|00|83|01|00|91|08|61|42|fe|d9|97|4b|c6|00|83|01|00|91|08|61|42|fe|d9|97|4b|c6|00|83|01|00|91|08|61|42|fe|d9|97|4b|c6|00|83|01|00|91|08|61|42|fe|d9|97|4b|c6|00|83|01|00|91|08|61|42|fe|d9|97|4b|c6|00|83|01|00|91|08|61|42|fe|d9|97|4b|c6|00|83|01|00|91|08|61|42|fe|d9|97|4b|c6|00|83|01|00|91|08|61|42|fe|d9|97|4b|c6|00|83|01|00|91|08|61|42|fe|d9|97|4b|c6|00|83|01|00|91|08|61|42|fe|d9|97|4b|c6|00|83|01|00|91|08|61|42|fe|d9|97|4b|c6|00|83|01|00|91|08|61|42|fe|d9|97|4b|c6|00|83|01|00|91|08|61|42|fe|d9|97|4b|c6|00|83|01|00|91|08|61|42|fe|d9|97|4b|c6|00|83|01|00|91|08|61|42|fe|d9|97|4b|c6|00|

+---------+---------------+----------+
06:01:35,735,667   ETHER
|0   |01|0c|cd|01|00|37|00|e1|c2|c3|c4|c5|81|00|80|00|88|b8|00|37|02|a6|00|00|00|00|61|82|02|9a|80|18|49|4c|31|30|30|31|52|50|49|54|2f|4c|4c|4e|30|24|47|4f|24|67|6f|63|62|31|81|02|27|10|82|18|49|4c|31|30|30|31|52|50|49|54|2f|4c|4c|4e|30|24|64|73|47|4f|4f|53|45|31|83|16|54|45|4d|50|4c|41|54|45|2f|4c|4c|4e|30|24|47|4f|24|67|6f|63|62|31|84|08|61|42|fe|d9|97|4b|c6|00|85|04|00|00|00|01|86|04|00|00|00|1e|87|01|00|88|01|01|89|01|00|8a|01|65|ab|82|02|24|83|01|00|91|08|61|42|fe|d9|97|4b|b6|00|83|01|00|91|08|61|42|fe|d9|97|4b|c6|00|83|01|00|91|08|61|42|fe|d9|97|4b|c6|00|83|01|00|91|08|61|42|fe|d9|97|4b|c6|00|83|01|00|91|08|61|42|fe|d9|97|4b|c6|00|83|01|00|91|08|61|42|fe|d9|97|4b|c6|00|83|01|00|91|08|61|42|fe|d9|97|4b|c6|00|83|01|00|91|08|61|42|fe|d9|97|4b|c6|00|83|01|00|91|08|61|42|fe|d9|97|4b|c6|00|83|01|00|83|01|00|83|01|00|83|01|00|83|01|00|83|01|00|83|01|00|83|01|00|83|01|00|83|01|00|83|01|00|83|01|00|83|01|00|83|01|00|83|01|00|83|01|00|83|01|00|83|01|00|83|01|00|83|01|00|83|01|00|83|01|00|83|01|00|83|01|00|83|01|00|83|01|00|83|01|00|83|01|00|83|01|00|83|01|00|83|01|00|83|01|00|91|08|61|42|fe|d9|97|4b|c6|00|83|01|00|91|08|61|42|fe|d9|97|4b|c6|00|83|01|00|91|08|61|42|fe|d9|97|4b|c6|00|83|01|00|91|08|61|42|fe|d9|97|4b|c6|00|83|01|00|91|08|61|42|fe|d9|97|4b|c6|00|83|01|00|91|08|61|42|fe|d9|97|4b|c6|00|83|01|00|91|08|61|42|fe|d9|97|4b|c6|00|83|01|00|91|08|61|42|fe|d9|97|4b|c6|00|83|01|00|91|08|61|42|fe|d9|97|4b|c6|00|83|01|00|91|08|61|42|fe|d9|97|4b|c6|00|83|01|00|91|08|61|42|fe|d9|97|4b|c6|00|83|01|00|91|08|61|42|fe|d9|97|4b|c6|00|83|01|00|91|08|61|42|fe|d9|97|4b|c6|00|83|01|00|91|08|61|42|fe|d9|97|4b|c6|00|83|01|00|91|08|61|42|fe|d9|97|4b|c6|00|83|01|00|91|08|61|42|fe|d9|97|4b|c6|00|83|01|00|91|08|61|42|fe|d9|97|4b|c6|00|83|01|00|91|08|61|42|fe|d9|97|4b|c6|00|83|01|00|91|08|61|42|fe|d9|97|4b|c6|00|83|01|00|91|08|61|42|fe|d9|97|4b|c6|00|83|01|00|91|08|61|42|fe|d9|97|4b|c6|00|83|01|00|91|08|61|42|fe|d9|97|4b|c6|00|83|01|00|91|08|61|42|fe|d9|97|4b|c6|00|83|01|00|91|08|61|42|fe|d9|97|4b|c6|00|83|01|00|91|08|61|42|fe|d9|97|4b|c6|00|83|01|00|91|08|61|42|fe|d9|97|4b|c6|00|

+---------+---------------+----------+
06:01:40,735,815   ETHER
|0   |01|0c|cd|01|00|37|00|e1|c2|c3|c4|c5|81|00|80|00|88|b8|00|37|02|a6|00|00|00|00|61|82|02|9a|80|18|49|4c|31|30|30|31|52|50|49|54|2f|4c|4c|4e|30|24|47|4f|24|67|6f|63|62|31|81|02|27|10|82|18|49|4c|31|30|30|31|52|50|49|54|2f|4c|4c|4e|30|24|64|73|47|4f|4f|53|45|31|83|16|54|45|4d|50|4c|41|54|45|2f|4c|4c|4e|30|24|47|4f|24|67|6f|63|62|31|84|08|61|42|fe|d9|97|4b|c6|00|85|04|00|00|00|01|86|04|00|00|00|1f|87|01|00|88|01|01|89|01|00|8a|01|65|ab|82|02|24|83|01|00|91|08|61|42|fe|d9|97|4b|b9|00|83|01|00|91|08|61|42|fe|d9|97|4b|c6|00|83|01|00|91|08|61|42|fe|d9|97|4b|c6|00|83|01|00|91|08|61|42|fe|d9|97|4b|c6|00|83|01|00|91|08|61|42|fe|d9|97|4b|c6|00|83|01|00|91|08|61|42|fe|d9|97|4b|c6|00|83|01|00|91|08|61|42|fe|d9|97|4b|c6|00|83|01|00|91|08|61|42|fe|d9|97|4b|c6|00|83|01|00|91|08|61|42|fe|d9|97|4b|c6|00|83|01|00|83|01|00|83|01|00|83|01|00|83|01|00|83|01|00|83|01|00|83|01|00|83|01|00|83|01|00|83|01|00|83|01|00|83|01|00|83|01|00|83|01|00|83|01|00|83|01|00|83|01|00|83|01|00|83|01|00|83|01|00|83|01|00|83|01|00|83|01|00|83|01|00|83|01|00|83|01|00|83|01|00|83|01|00|83|01|00|83|01|00|83|01|00|91|08|61|42|fe|d9|97|4b|c6|00|83|01|00|91|08|61|42|fe|d9|97|4b|c6|00|83|01|00|91|08|61|42|fe|d9|97|4b|c6|00|83|01|00|91|08|61|42|fe|d9|97|4b|c6|00|83|01|00|91|08|61|42|fe|d9|97|4b|c6|00|83|01|00|91|08|61|42|fe|d9|97|4b|c6|00|83|01|00|91|08|61|42|fe|d9|97|4b|c6|00|83|01|00|91|08|61|42|fe|d9|97|4b|c6|00|83|01|00|91|08|61|42|fe|d9|97|4b|c6|00|83|01|00|91|08|61|42|fe|d9|97|4b|c6|00|83|01|00|91|08|61|42|fe|d9|97|4b|c6|00|83|01|00|91|08|61|42|fe|d9|97|4b|c6|00|83|01|00|91|08|61|42|fe|d9|97|4b|c6|00|83|01|00|91|08|61|42|fe|d9|97|4b|c6|00|83|01|00|91|08|61|42|fe|d9|97|4b|c6|00|83|01|00|91|08|61|42|fe|d9|97|4b|c6|00|83|01|00|91|08|61|42|fe|d9|97|4b|c6|00|83|01|00|91|08|61|42|fe|d9|97|4b|c6|00|83|01|00|91|08|61|42|fe|d9|97|4b|c6|00|83|01|00|91|08|61|42|fe|d9|97|4b|c6|00|83|01|00|91|08|61|42|fe|d9|97|4b|c6|00|83|01|00|91|08|61|42|fe|d9|97|4b|c6|00|83|01|00|91|08|61|42|fe|d9|97|4b|c6|00|83|01|00|91|08|61|42|fe|d9|97|4b|c6|00|83|01|00|91|08|61|42|fe|d9|97|4b|c6|00|83|01|00|91|08|61|42|fe|d9|97|4b|c6|00|

+---------+---------------+----------+
06:01:45,735,962   ETHER
|0   |01|0c|cd|01|00|37|00|e1|c2|c3|c4|c5|81|00|80|00|88|b8|00|37|02|a6|00|00|00|00|61|82|02|9a|80|18|49|4c|31|30|30|31|52|50|49|54|2f|4c|4c|4e|30|24|47|4f|24|67|6f|63|62|31|81|02|27|10|82|18|49|4c|31|30|30|31|52|50|49|54|2f|4c|4c|4e|30|24|64|73|47|4f|4f|53|45|31|83|16|54|45|4d|50|4c|41|54|45|2f|4c|4c|4e|30|24|47|4f|24|67|6f|63|62|31|84|08|61|42|fe|d9|97|4b|c6|00|85|04|00|00|00|01|86|04|00|00|00|20|87|01|00|88|01|01|89|01|00|8a|01|65|ab|82|02|24|83|01|00|91|08|61|42|fe|d9|97|4b|b9|00|83|01|00|91|08|61|42|fe|d9|97|4b|c6|00|83|01|00|91|08|61|42|fe|d9|97|4b|c6|00|83|01|00|91|08|61|42|fe|d9|97|4b|c6|00|83|01|00|91|08|61|42|fe|d9|97|4b|c6|00|83|01|00|91|08|61|42|fe|d9|97|4b|c6|00|83|01|00|91|08|61|42|fe|d9|97|4b|c6|00|83|01|00|91|08|61|42|fe|d9|97|4b|c6|00|83|01|00|91|08|61|42|fe|d9|97|4b|c6|00|83|01|00|83|01|00|83|01|00|83|01|00|83|01|00|83|01|00|83|01|00|83|01|00|83|01|00|83|01|00|83|01|00|83|01|00|83|01|00|83|01|00|83|01|00|83|01|00|83|01|00|83|01|00|83|01|00|83|01|00|83|01|00|83|01|00|83|01|00|83|01|00|83|01|00|83|01|00|83|01|00|83|01|00|83|01|00|83|01|00|83|01|00|83|01|00|91|08|61|42|fe|d9|97|4b|c6|00|83|01|00|91|08|61|42|fe|d9|97|4b|c6|00|83|01|00|91|08|61|42|fe|d9|97|4b|c6|00|83|01|00|91|08|61|42|fe|d9|97|4b|c6|00|83|01|00|91|08|61|42|fe|d9|97|4b|c6|00|83|01|00|91|08|61|42|fe|d9|97|4b|c6|00|83|01|00|91|08|61|42|fe|d9|97|4b|c6|00|83|01|00|91|08|61|42|fe|d9|97|4b|c6|00|83|01|00|91|08|61|42|fe|d9|97|4b|c6|00|83|01|00|91|08|61|42|fe|d9|97|4b|c6|00|83|01|00|91|08|61|42|fe|d9|97|4b|c6|00|83|01|00|91|08|61|42|fe|d9|97|4b|c6|00|83|01|00|91|08|61|42|fe|d9|97|4b|c6|00|83|01|00|91|08|61|42|fe|d9|97|4b|c6|00|83|01|00|91|08|61|42|fe|d9|97|4b|c6|00|83|01|00|91|08|61|42|fe|d9|97|4b|c6|00|83|01|00|91|08|61|42|fe|d9|97|4b|c6|00|83|01|00|91|08|61|42|fe|d9|97|4b|c6|00|83|01|00|91|08|61|42|fe|d9|97|4b|c6|00|83|01|00|91|08|61|42|fe|d9|97|4b|c6|00|83|01|00|91|08|61|42|fe|d9|97|4b|c6|00|83|01|00|91|08|61|42|fe|d9|97|4b|c6|00|83|01|00|91|08|61|42|fe|d9|97|4b|c6|00|83|01|00|91|08|61|42|fe|d9|97|4b|c6|00|83|01|00|91|08|61|42|fe|d9|97|4b|c6|00|83|01|00|91|08|61|42|fe|d9|97|4b|c6|00|
