+---------+---------------+----------+
05:59:21,875,000   ETHER
|0   |01|0c|cd|01|00|37|00|e1|c2|c3|c4|c5|81|00|80|00|88|b8|00|37|02|a6|00|00|00|00|61|82|02|9a|80|18|49|4c|31|30|30|31|52|50|49|54|2f|4c|4c|4e|30|24|47|4f|24|67|6f|63|62|31|81|02|27|10|82|18|49|4c|31|30|30|31|52|50|49|54|2f|4c|4c|4e|30|24|64|73|47|4f|4f|53|45|31|83|16|54|45|4d|50|4c|41|54|45|2f|4c|4c|4e|30|24|47|4f|24|67|6f|63|62|31|84|08|61|42|fe|d9|97|4b|c6|00|85|04|00|00|00|01|86|04|00|00|00|01|87|01|00|88|01|01|89|01|00|8a|01|65|ab|82|02|24|83|01|00|91|08|61|42|fe|d9|97|4b|b4|00|83|01|00|91|08|61|42|fe|d9|97|4b|c6|00|83|01|00|91|08|61|42|fe|d9|97|4b|c6|00|83|01|00|91|08|61|42|fe|d9|97|4b|c6|00|83|01|00|91|08|61|42|fe|d9|97|4b|c6|00|83|01|00|91|08|61|42|fe|d9|97|4b|c6|00|83|01|00|91|08|61|42|fe|d9|97|4b|c6|00|83|01|00|91|08|61|42|fe|d9|97|4b|c6|00|83|01|00|91|08|61|42|fe|d9|97|4b|c6|00|83|01|00|83|01|00|83|01|00|83|01|00|83|01|00|83|01|00|83|01|00|83|01|00|83|01|00|83|01|00|83|01|00|83|01|00|83|01|00|83|01|00|83|01|00|83|01|00|83|01|00|83|01|00|83|01|00|83|01|00|83|01|00|83|01|00|83|01|00|83|01|00|83|01|00|83|01|00|83|01|00|83|01|00|83|01|00|83|01|00|83|01|00|83|01|00|91|08|61|42|fe|d9|97|4b|c6|00|83|01|00|91|08|61|42|fe|d9|97|4b|c6|00|83|01|00|91|08|61|42|fe|d9|97|4b|c6|00|83|01|00|91|08|61|42|fe|d9|97|4b|c6|00|83|01|00|91|08|61|42|fe|d9|97|4b|c6|00|83|01|00|91|08|61|42|fe|d9|97|4b|c6|00|83|01|00|91|08|61|42|fe|d9|97|4b|c6|00|83|01|00|91|08|61|42|fe|d9|97|4b|c6|00|83|01|00|91|08|61|42|fe|d9|97|4b|c6|00|83|01|00|91|08|61|42|fe|d9|97|4b|c6|00|83|01|00|91|08|61|42|fe|d9|97|4b|c6|00|83|01|00|91|08|61|42|fe|d9|97|4b|c6|00|83|01|00|91|08|61|42|fe|d9|97|4b|c6|00|83|01|00|91|08|61|42|fe|d9|97|4b|c6|00|83|01|00|91|08|61|42|fe|d9|97|4b|c6|00|83|01|00|91|08|61|42|fe|d9|97|4b|c6|00|83|01|00|91|08|61|42|fe|d9|97|4b|c6|00|83|01|00|91|08|61|42|fe|d9|97|4b|c6|00|83|01|00|91|08|61|42|fe|d9|97|4b|c6|00|83|01|00|91|08|61|42|fe|d9|97|4b|c6|00|83|01|00|91|08|61|42|fe|d9|97|4b|c6|00|83|01|00|91|08|61|42|fe|d9|97|4b|c6|00|83|01|00|91|08|61|42|fe|d9|97|4b|c6|00|83|01|00|91|08|61|42|fe|d9|97|4b|c6|00|83|01|00|91|08|61|42|fe|d9|97|4b|c6|00|83|01|00|91|08|61|42|fe|d9|97|4b|c6|00|

+---------+---------------+----------+
05:59:26,874,898   ETHER
|0   |01|0c|cd|01|00|37|00|e1|c2|c3|c4|c5|81|00|80|00|88|b8|00|37|02|a6|00|00|00|00|61|82|02|9a|80|18|49|4c|31|30|30|31|52|50|49|54|2f|4c|4c|4e|30|24|47|4f|24|67|6f|63|62|31|81|02|27|10|82|18|49|4c|31|30|30|31|52|50|49|54|2f|4c|4c|4e|30|24|64|73|47|4f|4f|53|45|31|83|16|54|45|4d|50|4c|41|54|45|2f|4c|4c|4e|30|24|47|4f|24|67|6f|63|62|31|84|08|61|42|fe|d9|97|4b|c6|00|85|04|00|00|00|01|86|04|00|00|00|02|87|01|00|88|01|01|89|01|00|8a|01|65|ab|82|02|24|83|01|00|91|08|61|42|fe|d9|97|4b|c3|00|83|01|00|91|08|61|42|fe|d9|97|4b|c6|00|83|01|00|91|08|61|42|fe|d9|97|4b|c6|00|83|01|00|91|08|61|42|fe|d9|97|4b|c6|00|83|01|00|91|08|61|42|fe|d9|97|4b|c6|00|83|01|00|91|08|61|42|fe|d9|97|4b|c6|00|83|01|00|91|08|61|42|fe|d9|97|4b|c6|00|83|01|00|91|08|61|42|fe|d9|97|4b|c6|00|83|01|00|91|08|61|42|fe|d9|97|4b|c6|00|83|01|00|83|01|00|83|01|00|83|01|00|83|01|00|83|01|00|83|01|00|83|01|00|83|01|00|83|01|00|83|01|00|83|01|00|83|01|00|83|01|00|83|01|00|83|01|00|83|01|00|83|01|00|83|01|00|83|01|00|83|01|00|83|01|00|83|01|00|83|01|00|83|01|00|83|01|00|83|01|00|83|01|00|83|01|00|83|01|00|83|01|00|83|01|00|91|08|61|42|fe|d9|97|4b|c6|00|83|01|00|91|08|61|42|fe|d9|97|4b|c6|00|83|01|00|91|08|61|42|fe|d9|97|4b|c6|00|83|01|00|91|08|61|42|fe|d9|97|4b|c6|00|83|01|00|91|08|61|42|fe|d9|97|4b|c6|00|83|01|00|91|08|61|42|fe|d9|97|4b|c6|00|83|01|00|91|08|61|42|fe|d9|97|4b|c6|00|83|01|00|91|08|61|42|fe|d9|97|4b|c6|00|83|01|00|91|08|61|42|fe|d9|97|4b|c6|00|83|01|00|91|08|61|42|fe|d9|97|4b|c6|00|83|01|00|91|08|61|42|fe|d9|97|4b|c6|00|83|01|00|91|08|61|42|fe|d9|97|4b|c6|00|83|01|00|91|08|61|42|fe|d9|97|4b|c6|00|83|01|00|91|08|61|42|fe|d9|97|4b|c6|00|83|01|00|91|08|61|42|fe|d9|97|4b|c6|00|83|01|00|91|08|61|42|fe|d9|97|4b|c6|00|83|01|00|91|08|61|42|fe|d9|97|4b|c6|00|83|01|00|91|08|61|42|fe|d9|97|4b|c6|00|83|01|00|91|08|61|42|fe|d9|97|4b|c6|00|83|01|00|91|08|61|42|fe|d9|97|4b|c6|00|83|01|00|91|08|61|42|fe|d9|97|4b|c6|00|83|01|00|91|08|61|42|fe|d9|97|4b|c6|00|83|01|00|91|08|61|42|fe|d9|97|4b|c6|00|83|01|00|91|08|61|42|fe|d9|97|4b|c6|00|83|01|00|91|08|61|42|fe|d9|97|4b|c6|00|83|01|00|91|08|61|42|fe|d9|97|4b|c6|00|

+---------+---------------+----------+
05:59:31,875,046   ETHER
|0   |01|0c|cd|01|00|37|00|e1|c2|c3|c4|c5|81|00|80|00|88|b8|00|37|02|a6|00|00|00|00|61|82|02|9a|80|18|49|4c|31|30|30|31|52|50|49|54|2f|4c|4c|4e|30|24|47|4f|24|67|6f|63|62|31|81|02|27|10|82|18|49|4c|31|30|30|31|52|50|49|54|2f|4c|4c|4e|30|24|64|73|47|4f|4f|53|45|31|83|16|54|45|4d|50|4c|41|54|45|2f|4c|4c|4e|30|24|47|4f|24|67|6f|63|62|31|84|08|61|42|fe|d9|97|4b|c6|00|85|04|00|00|00|01|86|04|00|00|00|03|87|01|00|88|01|01|89|01|00|8a|01|65|ab|82|02|24|83|01|00|91|08|61|42|fe|d9|97|4b|50|00|83|01|00|91|08|61|42|fe|d9|97|4b|c6|00|83|01|00|91|08|61|42|fe|d9|97|4b|c6|00|83|01|00|91|08|61|42|fe|d9|97|4b|c6|00|83|01|00|91|08|61|42|fe|d9|97|4b|c6|00|83|01|00|91|08|61|42|fe|d9|97|4b|c6|00|83|01|00|91|08|61|42|fe|d9|97|4b|c6|00|83|01|00|91|08|61|42|fe|d9|97|4b|c6|00|83|01|00|91|08|61|42|fe|d9|97|4b|c6|00|83|01|00|83|01|00|83|01|00|83|01|00|83|01|00|83|01|00|83|01|00|83|01|00|83|01|00|83|01|00|83|01|00|83|01|00|83|01|00|83|01|00|83|01|00|83|01|00|83|01|00|83|01|00|83|01|00|83|01|00|83|01|00|83|01|00|83|01|00|83|01|00|83|01|00|83|01|00|83|01|00|83|01|00|83|01|00|83|01|00|83|01|00|83|01|00|91|08|61|42|fe|d9|97|4b|c6|00|83|01|00|91|08|61|42|fe|d9|97|4b|c6|00|83|01|00|91|08|61|42|fe|d9|97|4b|c6|00|83|01|00|91|08|61|42|fe|d9|97|4b|c6|00|83|01|00|91|08|61|42|fe|d9|97|4b|c6|00|83|01|00|91|08|61|42|fe|d9|97|4b|c6|00|83|01|00|91|08|61|42|fe|d9|97|4b|c6|00|83|01|00|91|08|61|42|fe|d9|97|4b|c6|00|83|01|00|91|08|61|42|fe|d9|97|4b|c6|00|83|01|00|91|08|61|42|fe|d9|97|4b|c6|00|83|01|00|91|08|61|42|fe|d9|97|4b|c6|00|83|01|00|91|08|61|42|fe|d9|97|4b|c6|00|83|01|00|91|08|61|42|fe|d9|97|4b|c6|00|83|01|00|91|08|61|42|fe|d9|97|4b|c6|00|83|01|00|91|08|61|42|fe|d9|97|4b|c6|00|83|01|00|91|08|61|42|fe|d9|97|4b|c6|00|83|01|00|91|08|61|42|fe|d9|97|4b|c6|00|83|01|00|91|08|61|42|fe|d9|97|4b|c6|00|83|01|00|91|08|61|42|fe|d9|97|4b|c6|00|83|01|00|91|08|61|42|fe|d9|97|4b|c6|00|83|01|00|91|08|61|42|fe|d9|97|4b|c6|00|83|01|00|91|08|61|42|fe|d9|97|4b|c6|00|83|01|00|91|08|61|42|fe|d9|97|4b|c6|00|83|01|00|91|08|61|42|fe|d9|97|4b|c6|00|83|01|00|91|08|61|42|fe|d9|97|4b|c6|00|83|01|00|91|08|61|42|fe|d9|97|4b|c6|00|

+---------+---------------+----------+
05:59:36,875,193   ETHER
|0   |01|0c|cd|01|00|37|00|e1|c2|c3|c4|c5|81|00|80|00|88|b8|00|37|02|a6|00|00|00|00|61|82|02|9a|80|18|49|4c|31|30|30|31|52|50|49|54|2f|4c|4c|4e|30|24|47|4f|24|67|6f|63|62|31|81|02|27|10|82|18|49|4c|31|30|30|31|52|50|49|54|2f|4c|4c|4e|30|24|64|73|47|4f|4f|53|45|31|83|16|54|45|4d|50|4c|41|54|45|2f|4c|4c|4e|30|24|47|4f|24|67|6f|63|62|31|84|08|61|42|fe|d9|97|4b|c6|00|85|04|00|00|00|01|86|04|00|00|00|04|87|01|00|88|01|01|89|01|00|8a|01|65|ab|82|02|24|83|01|00|91|08|61|42|fe|d9|97|4b|c5|00|83|01|00|91|08|61|42|fe|d9|97|4b|c6|00|83|01|00|91|08|61|42|fe|d9|97|4b|c6|00|83|01|00|91|08|61|42|fe|d9|97|4b|c6|00|83|01|00|91|08|61|42|fe|d9|97|4b|c6|00|83|01|00|91|08|61|42|fe|d9|97|4b|c6|00|83|01|00|91|08|61|42|fe|d9|97|4b|c6|00|83|01|00|91|08|61|42|fe|d9|97|4b|c6|00|83|01|00|91|08|61|42|fe|d9|97|4b|c6|00|83|01|00|83|01|00|83|01|00|83|01|00|83|01|00|83|01|00|83|01|00|83|01|00|83|01|00|83|01|00|83|01|00|83|01|00|83|01|00|83|01|00|83|01|00|83|01|00|83|01|00|83|01|00|83|01|00|83|01|00|83|01|00|83|01|00|83|01|00|83|01|00|83|01|00|83|01|00|83|01|00|83|01|00|83|01|00|83|01|00|83|01|00|83|01|00|91|08|61|42|fe|d9|97|4b|c6|00|83|01|00|91|08|61|42|fe|d9|97|4b|c6|00|83|01|00|91|08|61|42|fe|d9|97|4b|c6|00|83|01|00|91|08|61|42|fe|d9|97|4b|c6|00|83|01|00|91|08|61|42|fe|d9|97|4b|c6|00|83|01|00|91|08|61|42|fe|d9|97|4b|c6|00|83|01|00|91|08|61|42|fe|d9|97|4b|c6|00|83|01|00|91|08|61|42|fe|d9|97|4b|c6|00|83|01|00|91|08|61|42|fe|d9|97|4b|c6|00|83|01|00|91|08|61|42|fe|d9|97|4b|c6|00|83|01|00|91|08|61|42|fe|d9|97|4b|c6|00|83|01|00|91|08|61|42|fe|d9|97|4b|c6|00|83|01|00|91|08|61|42|fe|d9|97|4b|c6|00|83|01|00|91|08|61|42|fe|d9|97|4b|c6|00|83|01|00|91|08|61|42|fe|d9|97|4b|c6|00|83|01|00|91|08|61|42|fe|d9|97|4b|c6|00|83|01|00|91|08|61|42|fe|d9|97|4b|c6|00|83|01|00|91|08|61|42|fe|d9|97|4b|c6|00|83|01|00|91|08|61|42|fe|d9|97|4b|c6|00|83|01|00|91|08|61|42|fe|d9|97|4b|c6|00|83|01|00|91|08|61|42|fe|d9|97|4b|c6|00|83|01|00|91|08|61|42|fe|d9|97|4b|c6|00|83|01|00|91|08|61|42|fe|d9|97|4b|c6|00|83|01|00|91|08|61|42|fe|d9|97|4b|c6|00|83|01|00|91|08|61|42|fe|d9|97|4b|c6|00|83|01|00|91|08|61|42|fe|d9|97|4b|c6|00|

+---------+---------------+----------+
05:59:41,875,341   ETHER
|0   |01|0c|cd|01|00|37|00|e1|c2|c3|c4|c5|81|00|80|00|88|b8|00|37|02|a6|00|00|00|00|61|82|02|9a|80|18|49|4c|31|30|30|31|52|50|49|54|2f|4c|4c|4e|30|24|47|4f|24|67|6f|63|62|31|81|02|27|10|82|18|49|4c|31|30|30|31|52|50|49|54|2f|4c|4c|4e|30|24|64|73|47|4f|4f|53|45|31|83|16|54|45|4d|50|4c|41|54|45|2f|4c|4c|4e|30|24|47|4f|24|67|6f|63|62|31|84|08|61|42|fe|d9|97|4b|c6|00|85|04|00|00|00|01|86|04|00|00|00|05|87|01|00|88|01|01|89|01|00|8a|01|65|ab|82|02|24|83|01|00|91|08|61|42|fe|d9|97|4b|2c|00|83|01|00|91|08|61|42|fe|d9|97|4b|c6|00|83|01|00|91|08|61|42|fe|d9|97|4b|c6|00|83|01|00|91|08|61|42|fe|d9|97|4b|c6|00|83|01|00|91|08|61|42|fe|d9|97|4b|c6|00|83|01|00|91|08|61|42|fe|d9|97|4b|c6|00|83|01|00|91|08|61|42|fe|d9|97|4b|c6|00|83|01|00|91|08|61|42|fe|d9|97|4b|c6|00|83|01|00|91|08|61|42|fe|d9|97|4b|c6|00|83|01|00|83|01|00|83|01|00|83|01|00|83|01|00|83|01|00|83|01|00|83|01|00|83|01|00|83|01|00|83|01|00|83|01|00|83|01|00|83|01|00|83|01|00|83|01|00|83|01|00|83|01|00|83|01|00|83|01|00|83|01|00|83|01|00|83|01|00|83|01|00|83|01|00|83|01|00|83|01|00|83|01|00|83|01|00|83|01|00|83|01|00|83|01|00|91|08|61|42|fe|d9|97|4b|c6|00|83|01|00|91|08|61|42|fe|d9|97|4b|c6|00|83|01|00|91|08|61|42|fe|d9|97|4b|c6|00|83|01|00|91|08|61|42|fe|d9|97|4b|c6|00|83|01|00|91|08|61|42|fe|d9|97|4b|c6|00|83|01|00|91|08|61|42|fe|d9|97|4b|c6|00|83|01|00|91|08|61|42|fe|d9|97|4b|c6|00|83|01|00|91|08|61|42|fe|d9|97|4b|c6|00|83|01|00|91|08|61|42|fe|d9|97|4b|c6|00|83|01|00|91|08|61|42|fe|d9|97|4b|c6|00|83|01|00|91|08|61|42|fe|d9|97|4b|c6|00|83|01|00|91|08|61|42|fe|d9|97|4b|c6|00|83|01|00|91|08|61|42|fe|d9|97|4b|c6|00|83|01|00|91|08|61|42|fe|d9|97|4b|c6|00|83|01|00|91|08|61|42|fe|d9|97|4b|c6|00|83|01|00|91|08|61|42|fe|d9|97|4b|c6|00|83|01|00|91|08|61|42|fe|d9|97|4b|c6|00|83|01|00|91|08|61|42|fe|d9|97|4b|c6|00|83|01|00|91|08|61|42|fe|d9|97|4b|c6|00|83|01|00|91|08|61|42|fe|d9|97|4b|c6|00|83|01|00|91|08|61|42|fe|d9|97|4b|c6|00|83|01|00|91|08|61|42|fe|d9|97|4b|c6|00|83|01|00|91|08|61|42|fe|d9|97|4b|c6|00|83|01|00|91|08|61|42|fe|d9|97|4b|c6|00|83|01|00|91|08|61|42|fe|d9|97|4b|c6|00|83|01|00|91|08|61|42|fe|d9|97|4b|c6|00|

+---------+---------------+----------+
05:59:46,875,489   ETHER
|0   |01|0c|cd|01|00|37|00|e1|c2|c3|c4|c5|81|00|80|00|88|b8|00|37|02|a6|00|00|00|00|61|82|02|9a|80|18|49|4c|31|30|30|31|52|50|49|54|2f|4c|4c|4e|30|24|47|4f|24|67|6f|63|62|31|81|02|27|10|82|18|49|4c|31|30|30|31|52|50|49|54|2f|4c|4c|4e|30|24|64|73|47|4f|4f|53|45|31|83|16|54|45|4d|50|4c|41|54|45|2f|4c|4c|4e|30|24|47|4f|24|67|6f|63|62|31|84|08|61|42|fe|d9|97|4b|c6|00|85|04|00|00|00|01|86|04|00|00|00|06|87|01|00|88|01|01|89|01|00|8a|01|65|ab|82|02|24|83|01|00|91|08|61|42|fe|d9|97|4b|6f|00|83|01|00|91|08|61|42|fe|d9|97|4b|c6|00|83|01|00|91|08|61|42|fe|d9|97|4b|c6|00|83|01|00|91|08|61|42|fe|d9|97|4b|c6|00|83|01|00|91|08|61|42|fe|d9|97|4b|c6|00|83|01|00|91|08|61|42|fe|d9|97|4b|c6|00|83|01|00|91|08|61|42|fe|d9|97|4b|c6|00|83|01|00|91|08|61|42|fe|d9|97|4b|c6|00|83|01|00|91|08|61|42|fe|d9|97|4b|c6|00|83|01|00|83|01|00|83|01|00|83|01|00|83|01|00|83|01|00|83|01|00|83|01|00|83|01|00|83|01|00|83|01|00|83|01|00|83|01|00|83|01|00|83|01|00|83|01|00|83|01|00|83|01|00|83|01|00|83|01|00|83|01|00|83|01|00|83|01|00|83|01|00|83|01|00|83|01|00|83|01|00|83|01|00|83|01|00|83|01|00|83|01|00|83|01|00|91|08|61|42|fe|d9|97|4b|c6|00|83|01|00|91|08|61|42|fe|d9|97|4b|c6|00|83|01|00|91|08|61|42|fe|d9|97|4b|c6|00|83|01|00|91|08|61|42|fe|d9|97|4b|c6|00|83|01|00|91|08|61|42|fe|d9|97|4b|c6|00|83|01|00|91|08|61|42|fe|d9|97|4b|c6|00|83|01|00|91|08|61|42|fe|d9|97|4b|c6|00|83|01|00|91|08|61|42|fe|d9|97|4b|c6|00|83|01|00|91|08|61|42|fe|d9|97|4b|c6|00|83|01|00|91|08|61|42|fe|d9|97|4b|c6|00|83|01|00|91|08|61|42|fe|d9|97|4b|c6|00|83|01|00|91|08|61|42|fe|d9|97|4b|c6|00|83|01|00|91|08|61|42|fe|d9|97|4b|c6|00|83|01|00|91|08|61|42|fe|d9|97|4b|c6|00|83|01|00|91|08|61|42|fe|d9|97|4b|c6|00|83|01|00|91|08|61|42|fe|d9|97|4b|c6|00|83|01|00|91|08|61|42|fe|d9|97|4b|c6|00|83|01|00|91|08|61|42|fe|d9|97|4b|c6|00|83|01|00|91|08|61|42|fe|d9|97|4b|c6|00|83|01|00|91|08|61|42|fe|d9|97|4b|c6|00|83|01|00|91|08|61|42|fe|d9|97|4b|c6|00|83|01|00|91|08|61|42|fe|d9|97|4b|c6|00|83|01|00|91|08|61|42|fe|d9|97|4b|c6|00|83|01|00|91|08|61|42|fe|d9|97|4b|c6|00|83|01|00|91|08|61|42|fe|d9|97|4b|c6|00|83|01|00|91|08|61|42|fe|d9|97|4b|c6|00|

+---------+---------------+----------+
05:59:51,875,636   ETHER
|0   |01|0c|cd|01|00|37|00|e1|c2|c3|c4|c5|81|00|80|00|88|b8|00|37|02|a6|00|00|00|00|61|82|02|9a|80|18|49|4c|31|30|30|31|52|50|49|54|2f|4c|4c|4e|30|24|47|4f|24|67|6f|63|62|31|81|02|27|10|82|18|49|4c|31|30|30|31|52|50|49|54|2f|4c|4c|4e|30|24|64|73|47|4f|4f|53|45|31|83|16|54|45|4d|50|4c|41|54|45|2f|4c|4c|4e|30|24|47|4f|24|67|6f|63|62|31|84|08|61|42|fe|d9|97|4b|c6|00|85|04|00|00|00|01|86|04|00|00|00|07|87|01|00|88|01|01|89|01|00|8a|01|65|ab|82|02|24|83|01|00|91|08|61|42|fe|d9|97|4b|b9|00|83|01|00|91|08|61|42|fe|d9|97|4b|c6|00|83|01|00|91|08|61|42|fe|d9|97|4b|c6|00|83|01|00|91|08|61|42|fe|d9|97|4b|c6|00|83|01|00|91|08|61|42|fe|d9|97|4b|c6|00|83|01|00|91|08|61|42|fe|d9|97|4b|c6|00|83|01|00|91|08|61|42|fe|d9|97|4b|c6|00|83|01|00|91|08|61|42|fe|d9|97|4b|c6|00|83|01|00|91|08|61|42|fe|d9|97|4b|c6|00|83|01|00|83|01|00|83|01|00|83|01|00|83|01|00|83|01|00|83|01|00|83|01|00|83|01|00|83|01|00|83|01|00|83|01|00|83|01|00|83|01|00|83|01|00|83|01|00|83|01|00|83|01|00|83|01|00|83|01|00|83|01|00|83|01|00|83|01|00|83|01|00|83|01|00|83|01|00|83|01|00|83|01|00|83|01|00|83|01|00|83|01|00|83|01|00|91|08|61|42|fe|d9|97|4b|c6|00|83|01|00|91|08|61|42|fe|d9|97|4b|c6|00|83|01|00|91|08|61|42|fe|d9|97|4b|c6|00|83|01|00|91|08|61|42|fe|d9|97|4b|c6|00|83|01|00|91|08|61|42|fe|d9|97|4b|c6|00|83|01|00|91|08|61|42|fe|d9|97|4b|c6|00|83|01|00|91|08|61|42|fe|d9|97|4b|c6|00|83|01|00|91|08|61|42|fe|d9|97|4b|c6|00|83|01|00|91|08|61|42|fe|d9|97|4b|c6|00|83|01|00|91|08|61|42|fe|d9|97|4b|c6|00|83|01|00|91|08|61|42|fe|d9|97|4b|c6|00|83|01|00|91|08|61|42|fe|d9|97|4b|c6|00|83|01|00|91|08|61|42|fe|d9|97|4b|c6|00|83|01|00|91|08|61|42|fe|d9|97|4b|c6|00|83|01|00|91|08|61|42|fe|d9|97|4b|c6|00|83|01|00|91|08|61|42|fe|d9|97|4b|c6|00|83|01|00|91|08|61|42|fe|d9|97|4b|c6|00|83|01|00|91|08|61|42|fe|d9|97|4b|c6|00|83|01|00|91|08|61|42|fe|d9|97|4b|c6|00|83|01|00|91|08|61|42|fe|d9|97|4b|c6|00|83|01|00|91|08|61|42|fe|d9|97|4b|c6|00|83|01|00|91|08|61|42|fe|d9|97|4b|c6|00|83|01|00|91|08|61|42|fe|d9|97|4b|c6|00|83|01|00|91|08|61|42|fe|d9|97|4b|c6|00|83|01|00|91|08|61|42|fe|d9|97|4b|c6|00|83|01|00|91|08|61|42|fe|d9|97|4b|c6|00|

+---------+---------------+----------+
05:59:56,875,783   ETHER
|0   |01|0c|cd|01|00|37|00|e1|c2|c3|c4|c5|81|00|80|00|88|b8|00|37|02|a6|00|00|00|00|61|82|02|9a|80|18|49|4c|31|30|30|31|52|50|49|54|2f|4c|4c|4e|30|24|47|4f|24|67|6f|63|62|31|81|02|27|10|82|18|49|4c|31|30|30|31|52|50|49|54|2f|4c|4c|4e|30|24|64|73|47|4f|4f|53|45|31|83|16|54|45|4d|50|4c|41|54|45|2f|4c|4c|4e|30|24|47|4f|24|67|6f|63|62|31|84|08|61|42|fe|d9|97|4b|c6|00|85|04|00|00|00|01|86|04|00|00|00|08|87|01|00|88|01|01|89|01|00|8a|01|65|ab|82|02|24|83|01|00|91|08|61|42|fe|d9|97|4b|c3|00|83|01|00|91|08|61|42|fe|d9|97|4b|c6|00|83|01|00|91|08|61|42|fe|d9|97|4b|c6|00|83|01|00|91|08|61|42|fe|d9|97|4b|c6|00|83|01|00|91|08|61|42|fe|d9|97|4b|c6|00|83|01|00|91|08|61|42|fe|d9|97|4b|c6|00|83|01|00|91|08|61|42|fe|d9|97|4b|c6|00|83|01|00|91|08|61|42|fe|d9|97|4b|c6|00|83|01|00|91|08|61|42|fe|d9|97|4b|c6|00|83|01|00|83|01|00|83|01|00|83|01|00|83|01|00|83|01|00|83|01|00|83|01|00|83|01|00|83|01|00|83|01|00|83|01|00|83|01|00|83|01|00|83|01|00|83|01|00|83|01|00|83|01|00|83|01|00|83|01|00|83|01|00|83|01|00|83|01|00|83|01|00|83|01|00|83|01|00|83|01|00|83|01|00|83|01|00|83|01|00|83|01|00|83|01|00|91|08|61|42|fe|d9|97|4b|c6|00|83|01|00|91|08|61|42|fe|d9|97|4b|c6|00|83|01|00|91|08|61|42|fe|d9|97|4b|c6|00|83|01|00|91|08|61|42|fe|d9|97|4b|c6|00|83|01|00|91|08|61|42|fe|d9|97|4b|c6|00|83|01|00|91|08|61|42|fe|d9|97|4b|c6|00|83|01|00|91|08|61|42|fe|d9|97|4b|c6|00|83|01|00|91|08|61|42|fe|d9|97|4b|c6|00|83|01|00|91|08|61|42|fe|d9|97|4b|c6|00|83|01|00|91|08|61|42|fe|d9|97|4b|c6|00|83|01|00|91|08|61|42|fe|d9|97|4b|c6|00|83|01|00|91|08|61|42|fe|d9|97|4b|c6|00|83|01|00|91|08|61|42|fe|d9|97|4b|c6|00|83|01|00|91|08|61|42|fe|d9|97|4b|c6|00|83|01|00|91|08|61|42|fe|d9|97|4b|c6|00|83|01|00|91|08|61|42|fe|d9|97|4b|c6|00|83|01|00|91|08|61|42|fe|d9|97|4b|c6|00|83|01|00|91|08|61|42|fe|d9|97|4b|c6|00|83|01|00|91|08|61|42|fe|d9|97|4b|c6|00|83|01|00|91|08|61|42|fe|d9|97|4b|c6|00|83|01|00|91|08|61|42|fe|d9|97|4b|c6|00|83|01|00|91|08|61|42|fe|d9|97|4b|c6|00|83|01|00|91|08|61|42|fe|d9|97|4b|c6|00|83|01|00|91|08|61|42|fe|d9|97|4b|c6|00|83|01|00|91|08|61|42|fe|d9|97|4b|c6|00|83|01|00|91|08|61|42|fe|d9|97|4b|c6|00|

+---------+---------------+----------+
06:00:01,875,931   ETHER
|0   |01|0c|cd|01|00|37|00|e1|c2|c3|c4|c5|81|00|80|00|88|b8|00|37|02|a6|00|00|00|00|61|82|02|9a|80|18|49|4c|31|30|30|31|52|50|49|54|2f|4c|4c|4e|30|24|47|4f|24|67|6f|63|62|31|81|02|27|10|82|18|49|4c|31|30|30|31|52|50|49|54|2f|4c|4c|4e|30|24|64|73|47|4f|4f|53|45|31|83|16|54|45|4d|50|4c|41|54|45|2f|4c|4c|4e|30|24|47|4f|24|67|6f|63|62|31|84|08|61|42|fe|d9|97|4b|c6|00|85|04|00|00|00|01|86|04|00|00|00|09|87|01|00|88|01|01|89|01|00|8a|01|65|ab|82|02|24|83|01|00|91|08|61|42|fe|d9|97|4b|84|00|83|01|00|91|08|61|42|fe|d9|97|4b|c6|00|83|01|00|91|08|61|42|fe|d9|97|4b|c6|00|83|01|00|91|08|61|42|fe|d9|97|4b|c6|00|83|01|00|91|08|61|42|fe|d9|97|4b|c6|00|83|01|00|91|08|61|42|fe|d9|97|4b|c6|00|83|01|00|91|08|61|42|fe|d9|97|4b|c6|00|83|01|00|91|08|61|42|fe|d9|97|4b|c6|00|83|01|00|91|08|61|42|fe|d9|97|4b|c6|00|83|01|00|83|01|00|83|01|00|83|01|00|83|01|00|83|01|00|83|01|00|83|01|00|83|01|00|83|01|00|83|01|00|83|01|00|83|01|00|83|01|00|83|01|00|83|01|00|83|01|00|83|01|00|83|01|00|83|01|00|83|01|00|83|01|00|83|01|00|83|01|00|83|01|00|83|01|00|83|01|00|83|01|00|83|01|00|83|01|00|83|01|00|83|01|00|91|08|61|42|fe|d9|97|4b|c6|00|83|01|00|91|08|61|42|fe|d9|97|4b|c6|00|83|01|00|91|08|61|42|fe|d9|97|4b|c6|00|83|01|00|91|08|61|42|fe|d9|97|4b|c6|00|83|01|00|91|08|61|42|fe|d9|97|4b|c6|00|83|01|00|91|08|61|42|fe|d9|97|4b|c6|00|83|01|00|91|08|61|42|fe|d9|97|4b|c6|00|83|01|00|91|08|61|42|fe|d9|97|4b|c6|00|83|01|00|91|08|61|42|fe|d9|97|4b|c6|00|83|01|00|91|08|61|42|fe|d9|97|4b|c6|00|83|01|00|91|08|61|42|fe|d9|97|4b|c6|00|83|01|00|91|08|61|42|fe|d9|97|4b|c6|00|83|01|00|91|08|61|42|fe|d9|97|4b|c6|00|83|01|00|91|08|61|42|fe|d9|97|4b|c6|00|83|01|00|91|08|61|42|fe|d9|97|4b|c6|00|83|01|00|91|08|61|42|fe|d9|97|4b|c6|00|83|01|00|91|08|61|42|fe|d9|97|4b|c6|00|83|01|00|91|08|61|42|fe|d9|97|4b|c6|00|83|01|00|91|08|61|42|fe|d9|97|4b|c6|00|83|01|00|91|08|61|42|fe|d9|97|4b|c6|00|83|01|00|91|08|61|42|fe|d9|97|4b|c6|00|83|01|00|91|08|61|42|fe|d9|97|4b|c6|00|83|01|00|91|08|61|42|fe|d9|97|4b|c6|00|83|01|00|91|08|61|42|fe|d9|97|4b|c6|00|83|01|00|91|08|61|42|fe|d9|97|4b|c6|00|83|01|00|91|08|61|42|fe|d9|97|4b|c6|00|

+---------+---------------+----------+
06:00:06,876,078   ETHER
|0   |01|0c|cd|01|00|37|00|e1|c2|c3|c4|c5|81|00|80|00|88|b8|00|37|02|a6|00|00|00|00|61|82|02|9a|80|18|49|4c|31|30|30|31|52|50|49|54|2f|4c|4c|4e|30|24|47|4f|24|67|6f|63|62|31|81|02|27|10|82|18|49|4c|31|30|30|31|52|50|49|54|2f|4c|4c|4e|30|24|64|73|47|4f|4f|53|45|31|83|16|54|45|4d|50|4c|41|54|45|2f|4c|4c|4e|30|24|47|4f|24|67|6f|63|62|31|84|08|61|42|fe|d9|97|4b|c6|00|85|04|00|00|00|01|86|04|00|00|00|0a|87|01|00|88|01|01|89|01|00|8a|01|65|ab|82|02|24|83|01|00|91|08|61|42|fe|d9|97|4b|ac|00|83|01|00|91|08|61|42|fe|d9|97|4b|c6|00|83|01|00|91|08|61|42|fe|d9|97|4b|c6|00|83|01|00|91|08|61|42|fe|d9|97|4b|c6|00|83|01|00|91|08|61|42|fe|d9|97|4b|c6|00|83|01|00|91|08|61|42|fe|d9|97|4b|c6|00|83|01|00|91|08|61|42|fe|d9|97|4b|c6|00|83|01|00|91|08|61|42|fe|d9|97|4b|c6|00|83|01|00|91|08|61|42|fe|d9|97|4b|c6|00|83|01|00|83|01|00|83|01|00|83|01|00|83|01|00|83|01|00|83|01|00|83|01|00|83|01|00|83|01|00|83|01|00|83|01|00|83|01|00|83|01|00|83|01|00|83|01|00|83|01|00|83|01|00|83|01|00|83|01|00|83|01|00|83|01|00|83|01|00|83|01|00|83|01|00|83|01|00|83|01|00|83|01|00|83|01|00|83|01|00|83|01|00|83|01|00|91|08|61|42|fe|d9|97|4b|c6|00|83|01|00|91|08|61|42|fe|d9|97|4b|c6|00|83|01|00|91|08|61|42|fe|d9|97|4b|c6|00|83|01|00|91|08|61|42|fe|d9|97|4b|c6|00|83|01|00|91|08|61|42|fe|d9|97|4b|c6|00|83|01|00|91|08|61|42|fe|d9|97|4b|c6|00|83|01|00|91|08|61|42|fe|d9|97|4b|c6|00|83|01|00|91|08|61|42|fe|d9|97|4b|c6|00|83|01|00|91|08|61|42|fe|d9|97|4b|c6|00|83|01|00|91|08|61|42|fe|d9|97|4b|c6|00|83|01|00|91|08|61|42|fe|d9|97|4b|c6|00|83|01|00|91|08|61|42|fe|d9|97|4b|c6|00|83|01|00|91|08|61|42|fe|d9|97|4b|c6|00|83|01|00|91|08|61|42|fe|d9|97|4b|c6|00|83|01|00|91|08|61|42|fe|d9|97|4b|c6|00|83|01|00|91|08|61|42|fe|d9|97|4b|c6|00|83|01|00|91|08|61|42|fe|d9|97|4b|c6|00|83|01|00|91|08|61|42|fe|d9|97|4b|c6|00|83|01|00|91|08|61|42|fe|d9|97|4b|c6|00|83|01|00|91|08|61|42|fe|d9|97|4b|c6|00|83|01|00|91|08|61|42|fe|d9|97|4b|c6|00|83|01|00|91|08|61|42|fe|d9|97|4b|c6|00|83|01|00|91|08|61|42|fe|d9|97|4b|c6|00|83|01|00|91|08|61|42|fe|d9|97|4b|c6|00|83|01|00|91|08|61|42|fe|d9|97|4b|c6|00|83|01|00|91|08|61|42|fe|d9|97|4b|c6|00|

+---------+---------------+----------+
06:00:11,876,225   ETHER
|0   |01|0c|cd|01|00|37|00|e1|c2|c3|c4|c5|81|00|80|00|88|b8|00|37|02|a6|00|00|00|00|61|82|02|9a|80|18|49|4c|31|30|30|31|52|50|49|54|2f|4c|4c|4e|30|24|47|4f|24|67|6f|63|62|31|81|02|27|10|82|18|49|4c|31|30|30|31|52|50|49|54|2f|4c|4c|4e|30|24|64|73|47|4f|4f|53|45|31|83|16|54|45|4d|50|4c|41|54|45|2f|4c|4c|4e|30|24|47|4f|24|67|6f|63|62|31|84|08|61|42|fe|d9|97|4b|c6|00|85|04|00|00|00|01|86|04|00|00|00|0b|87|01|00|88|01|01|89|01|00|8a|01|65|ab|82|02|24|83|01|00|91|08|61|42|fe|d9|97|4b|62|00|83|01|00|91|08|61|42|fe|d9|97|4b|c6|00|83|01|00|91|08|61|42|fe|d9|97|4b|c6|00|83|01|00|91|08|61|42|fe|d9|97|4b|c6|00|83|01|00|91|08|61|42|fe|d9|97|4b|c6|00|83|01|00|91|08|61|42|fe|d9|97|4b|c6|00|83|01|00|91|08|61|42|fe|d9|97|4b|c6|00|83|01|00|91|08|61|42|fe|d9|97|4b|c6|00|83|01|00|91|08|61|42|fe|d9|97|4b|c6|00|83|01|00|83|01|00|83|01|00|83|01|00|83|01|00|83|01|00|83|01|00|83|01|00|83|01|00|83|01|00|83|01|00|83|01|00|83|01|00|83|01|00|83|01|00|83|01|00|83|01|00|83|01|00|83|01|00|83|01|00|83|01|00|83|01|00|83|01|00|83|01|00|83|01|00|83|01|00|83|01|00|83|01|00|83|01|00|83|01|00|83|01|00|83|01|00|91|08|61|42|fe|d9|97|4b|c6|00|83|01|00|91|08|61|42|fe|d9|97|4b|c6|00|83|01|00|91|08|61|42|fe|d9|97|4b|c6|00|83|01|00|91|08|61|42|fe|d9|97|4b|c6|00|83|01|00|91|08|61|42|fe|d9|97|4b|c6|00|83|01|00|91|08|61|42|fe|d9|97|4b|c6|00|83|01|00|91|08|61|42|fe|d9|97|4b|c6|00|83|01|00|91|08|61|42|fe|d9|97|4b|c6|00|83|01|00|91|08|61|42|fe|d9|97|4b|c6|00|83|01|00|91|08|61|42|fe|d9|97|4b|c6|00|83|01|00|91|08|61|42|fe|d9|97|4b|c6|00|83|01|00|91|08|61|42|fe|d9|97|4b|c6|00|83|01|00|91|08|61|42|fe|d9|97|4b|c6|00|83|01|00|91|08|61|42|fe|d9|97|4b|c6|00|83|01|00|91|08|61|42|fe|d9|97|4b|c6|00|83|01|00|91|08|61|42|fe|d9|97|4b|c6|00|83|01|00|91|08|61|42|fe|d9|97|4b|c6|00|83|01|00|91|08|61|42|fe|d9|97|4b|c6|00|83|01|00|91|08|61|42|fe|d9|97|4b|c6|00|83|01|00|91|08|61|42|fe|d9|97|4b|c6|00|83|01|00|91|08|61|42|fe|d9|97|4b|c6|00|83|01|00|91|08|61|42|fe|d9|97|4b|c6|00|83|01|00|91|08|61|42|fe|d9|97|4b|c6|00|83|01|00|91|08|61|42|fe|d9|97|4b|c6|00|83|01|00|91|08|61|42|fe|d9|97|4b|c6|00|83|01|00|91|08|61|42|fe|d9|97|4b|c6|00|

+---------+---------------+----------+
06:00:16,876,373   ETHER
|0   |01|0c|cd|01|00|37|00|e1|c2|c3|c4|c5|81|00|80|00|88|b8|00|37|02|a6|00|00|00|00|61|82|02|9a|80|18|49|4c|31|30|30|31|52|50|49|54|2f|4c|4c|4e|30|24|47|4f|24|67|6f|63|62|31|81|02|27|10|82|18|49|4c|31|30|30|31|52|50|49|54|2f|4c|4c|4e|30|24|64|73|47|4f|4f|53|45|31|83|16|54|45|4d|50|4c|41|54|45|2f|4c|4c|4e|30|24|47|4f|24|67|6f|63|62|31|84|08|61|42|fe|d9|97|4b|c6|00|85|04|00|00|00|01|86|04|00|00|00|0c|87|01|00|88|01|01|89|01|00|8a|01|65|ab|82|02|24|83|01|00|91|08|61|42|fe|d9|97|4b|26|00|83|01|00|91|08|61|42|fe|d9|97|4b|c6|00|83|01|00|91|08|61|42|fe|d9|97|4b|c6|00|83|01|00|91|08|61|42|fe|d9|97|4b|c6|00|83|01|00|91|08|61|42|fe|d9|97|4b|c6|00|83|01|00|91|08|61|42|fe|d9|97|4b|c6|00|83|01|00|91|08|61|42|fe|d9|97|4b|c6|00|83|01|00|91|08|61|42|fe|d9|97|4b|c6|00|83|01|00|91|08|61|42|fe|d9|97|4b|c6|00|83|01|00|83|01|00|83|01|00|83|01|00|83|01|00|83|01|00|83|01|00|83|01|00|83|01|00|83|01|00|83|01|00|83|01|00|83|01|00|83|01|00|83|01|00|83|01|00|83|01|00|83|01|00|83|01|00|83|01|00|83|01|00|83|01|00|83|01|00|83|01|00|83|01|00|83|01|00|83|01|00|83|01|00|83|01|00|83|01|00|83|01|00|83|01|00|91|08|61|42|fe|d9|97|4b|c6|00|83|01|00|91|08|61|42|fe|d9|97|4b|c6|00|83|01|00|91|08|61|42|fe|d9|97|4b|c6|00|83|01|00|91|08|61|42|fe|d9|97|4b|c6|00|83|01|00|91|08|61|42|fe|d9|97|4b|c6|00|83|01|00|91|08|61|42|fe|d9|97|4b|c6|00|83|01|00|91|08|61|42|fe|d9|97|4b|c6|00|83|01|00|91|08|61|42|fe|d9|97|4b|c6|00|83|01|00|91|08|61|42|fe|d9|97|4b|c6|00|83|01|00|91|08|61|42|fe|d9|97|4b|c6|00|83|01|00|91|08|61|42|fe|d9|97|4b|c6|00|83|01|00|91|08|61|42|fe|d9|97|4b|c6|00|83|01|00|91|08|61|42|fe|d9|97|4b|c6|00|83|01|00|91|08|61|42|fe|d9|97|4b|c6|00|83|01|00|91|08|61|42|fe|d9|97|4b|c6|00|83|01|00|91|08|61|42|fe|d9|97|4b|c6|00|83|01|00|91|08|61|42|fe|d9|97|4b|c6|00|83|01|00|91|08|61|42|fe|d9|97|4b|c6|00|83|01|00|91|08|61|42|fe|d9|97|4b|c6|00|83|01|00|91|08|61|42|fe|d9|97|4b|c6|00|83|01|00|91|08|61|42|fe|d9|97|4b|c6|00|83|01|00|91|08|61|42|fe|d9|97|4b|c6|00|83|01|00|91|08|61|42|fe|d9|97|4b|c6|00|83|01|00|91|08|61|42|fe|d9|97|4b|c6|00|83|01|00|91|08|61|42|fe|d9|97|4b|c6|00|83|01|00|91|08|61|42|fe|d9|97|4b|c6|00|

+---------+---------------+----------+
06:00:21,876,520   ETHER
|0   |01|0c|cd|01|00|37|00|e1|c2|c3|c4|c5|81|00|80|00|88|b8|00|37|02|a6|00|00|00|00|61|82|02|9a|80|18|49|4c|31|30|30|31|52|50|49|54|2f|4c|4c|4e|30|24|47|4f|24|67|6f|63|62|31|81|02|27|10|82|18|49|4c|31|30|30|31|52|50|49|54|2f|4c|4c|4e|30|24|64|73|47|4f|4f|53|45|31|83|16|54|45|4d|50|4c|41|54|45|2f|4c|4c|4e|30|24|47|4f|24|67|6f|63|62|31|84|08|61|42|fe|d9|97|4b|c6|00|85|04|00|00|00|01|86|04|00|00|00|0d|87|01|00|88|01|01|89|01|00|8a|01|65|ab|82|02|24|83|01|00|91|08|61|42|fe|d9|97|4b|b3|00|83|01|00|91|08|61|42|fe|d9|97|4b|c6|00|83|01|00|91|08|61|42|fe|d9|97|4b|c6|00|83|01|00|91|08|61|42|fe|d9|97|4b|c6|00|83|01|00|91|08|61|42|fe|d9|97|4b|c6|00|83|01|00|91|08|61|42|fe|d9|97|4b|c6|00|83|01|00|91|08|61|42|fe|d9|97|4b|c6|00|83|01|00|91|08|61|42|fe|d9|97|4b|c6|00|83|01|00|91|08|61|42|fe|d9|97|4b|c6|00|83|01|00|83|01|00|83|01|00|83|01|00|83|01|00|83|01|00|83|01|00|83|01|00|83|01|00|83|01|00|83|01|00|83|01|00|83|01|00|83|01|00|83|01|00|83|01|00|83|01|00|83|01|00|83|01|00|83|01|00|83|01|00|83|01|00|83|01|00|83|01|00|83|01|00|83|01|00|83|01|00|83|01|00|83|01|00|83|01|00|83|01|00|83|01|00|91|08|61|42|fe|d9|97|4b|c6|00|83|01|00|91|08|61|42|fe|d9|97|4b|c6|00|83|01|00|91|08|61|42|fe|d9|97|4b|c6|00|83|01|00|91|08|61|42|fe|d9|97|4b|c6|00|83|01|00|91|08|61|42|fe|d9|97|4b|c6|00|83|01|00|91|08|61|42|fe|d9|97|4b|c6|00|83|01|00|91|08|61|42|fe|d9|97|4b|c6|00|83|01|00|91|08|61|42|fe|d9|97|4b|c6|00|83|01|00|91|08|61|42|fe|d9|97|4b|c6|00|83|01|00|91|08|61|42|fe|d9|97|4b|c6|00|83|01|00|91|08|61|42|fe|d9|97|4b|c6|00|83|01|00|91|08|61|42|fe|d9|97|4b|c6|00|83|01|00|91|08|61|42|fe|d9|97|4b|c6|00|83|01|00|91|08|61|42|fe|d9|97|4b|c6|00|83|01|00|91|08|61|42|fe|d9|97|4b|c6|00|83|01|00|91|08|61|42|fe|d9|97|4b|c6|00|83|01|00|91|08|61|42|fe|d9|97|4b|c6|00|83|01|00|91|08|61|42|fe|d9|97|4b|c6|00|83|01|00|91|08|61|42|fe|d9|97|4b|c6|00|83|01|00|91|08|61|42|fe|d9|97|4b|c6|00|83|01|00|91|08|61|42|fe|d9|97|4b|c6|00|83|01|00|91|08|61|42|fe|d9|97|4b|c6|00|83|01|00|91|08|61|42|fe|d9|97|4b|c6|00|83|01|00|91|08|61|42|fe|d9|97|4b|c6|00|83|01|00|91|08|61|42|fe|d9|97|4b|c6|00|83|01|00|91|08|61|42|fe|d9|97|4b|c6|00|

+---------+---------------+----------+
06:00:26,876,667   ETHER
|0   |01|0c|cd|01|00|37|00|e1|c2|c3|c4|c5|81|00|80|00|88|b8|00|37|02|a6|00|00|00|00|61|82|02|9a|80|18|49|4c|31|30|30|31|52|50|49|54|2f|4c|4c|4e|30|24|47|4f|24|67|6f|63|62|31|81|02|27|10|82|18|49|4c|31|30|30|31|52|50|49|54|2f|4c|4c|4e|30|24|64|73|47|4f|4f|53|45|31|83|16|54|45|4d|50|4c|41|54|45|2f|4c|4c|4e|30|24|47|4f|24|67|6f|63|62|31|84|08|61|42|fe|d9|97|4b|c6|00|85|04|00|00|00|01|86|04|00|00|00|0e|87|01|00|88|01|01|89|01|00|8a|01|65|ab|82|02|24|83|01|00|91|08|61|42|fe|d9|97|4b|c5|00|83|01|00|91|08|61|42|fe|d9|97|4b|c6|00|83|01|00|91|08|61|42|fe|d9|97|4b|c6|00|83|01|00|91|08|61|42|fe|d9|97|4b|c6|00|83|01|00|91|08|61|42|fe|d9|97|4b|c6|00|83|01|00|91|08|61|42|fe|d9|97|4b|c6|00|83|01|00|91|08|61|42|fe|d9|97|4b|c6|00|83|01|00|91|08|61|42|fe|d9|97|4b|c6|00|83|01|00|91|08|61|42|fe|d9|97|4b|c6|00|83|01|00|83|01|00|83|01|00|83|01|00|83|01|00|83|01|00|83|01|00|83|01|00|83|01|00|83|01|00|83|01|00|83|01|00|83|01|00|83|01|00|83|01|00|83|01|00|83|01|00|83|01|00|83|01|00|83|01|00|83|01|00|83|01|00|83|01|00|83|01|00|83|01|00|83|01|00|83|01|00|83|01|00|83|01|00|83|01|00|83|01|00|83|01|00|91|08|61|42|fe|d9|97|4b|c6|00|83|01|00|91|08|61|42|fe|d9|97|4b|c6|00|83|01|00|91|08|61|42|fe|d9|97|4b|c6|00|83|01|00|91|08|61|42|fe|d9|97|4b|c6|00|83|01|00|91|08|61|42|fe|d9|97|4b|c6|00|83|01|00|91|08|61|42|fe|d9|97|4b|c6|00|83|01|00|91|08|61|42|fe|d9|97|4b|c6|00|83|01|00|91|08|61|42|fe|d9|97|4b|c6|00|83|01|00|91|08|61|42|fe|d9|97|4b|c6|00|83|01|00|91|08|61|42|fe|d9|97|4b|c6|00|83|01|00|91|08|61|42|fe|d9|97|4b|c6|00|83|01|00|91|08|61|42|fe|d9|97|4b|c6|00|83|01|00|91|08|61|42|fe|d9|97|4b|c6|00|83|01|00|91|08|61|42|fe|d9|97|4b|c6|00|83|01|00|91|08|61|42|fe|d9|97|4b|c6|00|83|01|00|91|08|61|42|fe|d9|97|4b|c6|00|83|01|00|91|08|61|42|fe|d9|97|4b|c6|00|83|01|00|91|08|61|42|fe|d9|97|4b|c6|00|83|01|00|91|08|61|42|fe|d9|97|4b|c6|00|83|01|00|91|08|61|42|fe|d9|97|4b|c6|00|83|01|00|91|08|61|42|fe|d9|97|4b|c6|00|83|01|00|91|08|61|42|fe|d9|97|4b|c6|00|83|01|00|91|08|61|42|fe|d9|97|4b|c6|00|83|01|00|91|08|61|42|fe|d9|97|4b|c6|00|83|01|00|91|08|61|42|fe|d9|97|4b|c6|00|83|01|00|91|08|61|42|fe|d9|97|4b|c6|00|

+---------+---------------+----------+
06:00:31,876,815   ETHER
|0   |01|0c|cd|01|00|37|00|e1|c2|c3|c4|c5|81|00|80|00|88|b8|00|37|02|a6|00|00|00|00|61|82|02|9a|80|18|49|4c|31|30|30|31|52|50|49|54|2f|4c|4c|4e|30|24|47|4f|24|67|6f|63|62|31|81|02|27|10|82|18|49|4c|31|30|30|31|52|50|49|54|2f|4c|4c|4e|30|24|64|73|47|4f|4f|53|45|31|83|16|54|45|4d|50|4c|41|54|45|2f|4c|4c|4e|30|24|47|4f|24|67|6f|63|62|31|84|08|61|42|fe|d9|97|4b|c6|00|85|04|00|00|00|01|86|04|00|00|00|0f|87|01|00|88|01|01|89|01|00|8a|01|65|ab|82|02|24|83|01|00|91|08|61|42|fe|d9|97|4b|bd|00|83|01|00|91|08|61|42|fe|d9|97|4b|c6|00|83|01|00|91|08|61|42|fe|d9|97|4b|c6|00|83|01|00|91|08|61|42|fe|d9|97|4b|c6|00|83|01|00|91|08|61|42|fe|d9|97|4b|c6|00|83|01|00|91|08|61|42|fe|d9|97|4b|c6|00|83|01|00|91|08|61|42|fe|d9|97|4b|c6|00|83|01|00|91|08|61|42|fe|d9|97|4b|c6|00|83|01|00|91|08|61|42|fe|d9|97|4b|c6|00|83|01|00|83|01|00|83|01|00|83|01|00|83|01|00|83|01|00|83|01|00|83|01|00|83|01|00|83|01|00|83|01|00|83|01|00|83|01|00|83|01|00|83|01|00|83|01|00|83|01|00|83|01|00|83|01|00|83|01|00|83|01|00|83|01|00|83|01|00|83|01|00|83|01|00|83|01|00|83|01|00|83|01|00|83|01|00|83|01|00|83|01|00|83|01|00|91|08|61|42|fe|d9|97|4b|c6|00|83|01|00|91|08|61|42|fe|d9|97|4b|c6|00|83|01|00|91|08|61|42|fe|d9|97|4b|c6|00|83|01|00|91|08|61|42|fe|d9|97|4b|c6|00|83|01|00|91|08|61|42|fe|d9|97|4b|c6|00|83|01|00|91|08|61|42|fe|d9|97|4b|c6|00|83|01|00|91|08|61|42|fe|d9|97|4b|c6|00|83|01|00|91|08|61|42|fe|d9|97|4b|c6|00|83|01|00|91|08|61|42|fe|d9|97|4b|c6|00|83|01|00|91|08|61|42|fe|d9|97|4b|c6|00|83|01|00|91|08|61|42|fe|d9|97|4b|c6|00|83|01|00|91|08|61|42|fe|d9|97|4b|c6|00|83|01|00|91|08|61|42|fe|d9|97|4b|c6|00|83|01|00|91|08|61|42|fe|d9|97|4b|c6|00|83|01|00|91|08|61|42|fe|d9|97|4b|c6|00|83|01|00|91|08|61|42|fe|d9|97|4b|c6|00|83|01|00|91|08|61|42|fe|d9|97|4b|c6|00|83|01|00|91|08|61|42|fe|d9|97|4b|c6|00|83|01|00|91|08|61|42|fe|d9|97|4b|c6|00|83|01|00|91|08|61|42|fe|d9|97|4b|c6|00|83|01|00|91|08|61|42|fe|d9|97|4b|c6|00|83|01|00|91|08|61|42|fe|d9|97|4b|c6|00|83|01|00|91|08|61|42|fe|d9|97|4b|c6|00|83|01|00|91|08|61|42|fe|d9|97|4b|c6|00|83|01|00|91|08|61|42|fe|d9|97|4b|c6|00|83|01|00|91|08|61|42|fe|d9|97|4b|c6|00|

+---------+---------------+----------+
06:00:36,876,962   ETHER
|0   |01|0c|cd|01|00|37|00|e1|c2|c3|c4|c5|81|00|80|00|88|b8|00|37|02|a6|00|00|00|00|61|82|02|9a|80|18|49|4c|31|30|30|31|52|50|49|54|2f|4c|4c|4e|30|24|47|4f|24|67|6f|63|62|31|81|02|27|10|82|18|49|4c|31|30|30|31|52|50|49|54|2f|4c|4c|4e|30|24|64|73|47|4f|4f|53|45|31|83|16|54|45|4d|50|4c|41|54|45|2f|4c|4c|4e|30|24|47|4f|24|67|6f|63|62|31|84|08|61|42|fe|d9|97|4b|c6|00|85|04|00|00|00|01|86|04|00|00|00|10|87|01|00|88|01|01|89|01|00|8a|01|65|ab|82|02|24|83|01|00|91|08|61|42|fe|d9|97|4b|c3|00|83|01|00|91|08|61|42|fe|d9|97|4b|c6|00|83|01|00|91|08|61|42|fe|d9|97|4b|c6|00|83|01|00|91|08|61|42|fe|d9|97|4b|c6|00|83|01|00|91|08|61|42|fe|d9|97|4b|c6|00|83|01|00|91|08|61|42|fe|d9|97|4b|c6|00|83|01|00|91|08|61|42|fe|d9|97|4b|c6|00|83|01|00|91|08|61|42|fe|d9|97|4b|c6|00|83|01|00|91|08|61|42|fe|d9|97|4b|c6|00|83|01|00|83|01|00|83|01|00|83|01|00|83|01|00|83|01|00|83|01|00|83|01|00|83|01|00|83|01|00|83|01|00|83|01|00|83|01|00|83|01|00|83|01|00|83|01|00|83|01|00|83|01|00|83|01|00|83|01|00|83|01|00|83|01|00|83|01|00|83|01|00|83|01|00|83|01|00|83|01|00|83|01|00|83|01|00|83|01|00|83|01|00|83|01|00|91|08|61|42|fe|d9|97|4b|c6|00|83|01|00|91|08|61|42|fe|d9|97|4b|c6|00|83|01|00|91|08|61|42|fe|d9|97|4b|c6|00|83|01|00|91|08|61|42|fe|d9|97|4b|c6|00|83|01|00|91|08|61|42|fe|d9|97|4b|c6|00|83|01|00|91|08|61|42|fe|d9|97|4b|c6|00|83|01|00|91|08|61|42|fe|d9|97|4b|c6|00|83|01|00|91|08|61|42|fe|d9|97|4b|c6|00|83|01|00|91|08|61|42|fe|d9|97|4b|c6|00|83|01|00|91|08|61|42|fe|d9|97|4b|c6|00|83|01|00|91|08|61|42|fe|d9|97|4b|c6|00|83|01|00|91|08|61|42|fe|d9|97|4b|c6|00|83|01|00|91|08|61|42|fe|d9|97|4b|c6|00|83|01|00|91|08|61|42|fe|d9|97|4b|c6|00|83|01|00|91|08|61|42|fe|d9|97|4b|c6|00|83|01|00|91|08|61|42|fe|d9|97|4b|c6|00|83|01|00|91|08|61|42|fe|d9|97|4b|c6|00|83|01|00|91|08|61|42|fe|d9|97|4b|c6|00|83|01|00|91|08|61|42|fe|d9|97|4b|c6|00|83|01|00|91|08|61|42|fe|d9|97|4b|c6|00|83|01|00|91|08|61|42|fe|d9|97|4b|c6|00|83|01|00|91|08|61|42|fe|d9|97|4b|c6|00|83|01|00|91|08|61|42|fe|d9|97|4b|c6|00|83|01|00|91|08|61|42|fe|d9|97|4b|c6|00|83|01|00|91|08|61|42|fe|d9|97|4b|c6|00|83|01|00|91|08|61|42|fe|d9|97|4b|c6|00|
