+---------+---------------+----------+
06:00:25,389,000   ETHER
|0   |01|0c|cd|04|40|01|00|e1|c2|c3|c4|c5|88|ba|40|01|01|26|00|00|00|00|60|82|01|1a|80|01|01|a2|82|01|13|30|82|01|0f|80|12|4d|4c|31|30|30|31|2f|4c|4c|4e|30|2e|73|6d|76|63|62|30|81|13|4d|4c|31|30|30|31|4d|55|2f|4c|4c|4e|30|24|64|73|53|56|30|82|02|07|89|83|04|00|00|00|01|84|08|3c|30|92|97|7b|72|72|00|85|01|01|86|02|00|50|87|81|c8|00|00|00|04|00|00|00|00|00|78|20|87|00|00|00|00|00|78|20|87|00|00|00|00|ff|fa|8a|67|00|00|00|00|ff|fa|8a|67|00|00|00|00|00|01|db|00|00|00|00|00|00|01|db|00|00|00|00|00|00|78|20|87|00|00|00|00|ff|fa|8a|67|00|00|00|00|00|01|db|00|00|00|00|00|00|78|20|87|00|00|00|00|00|78|20|87|00|00|00|00|00|00|00|00|00|00|00|00|00|00|00|00|00|00|00|00|00|0d|de|ec|00|00|00|00|00|0d|de|ec|00|00|00|00|ff|ea|fc|9b|00|00|00|00|ff|ea|fc|9b|00|00|00|00|00|07|24|4d|00|00|00|00|00|07|24|4d|00|00|00|00|00|0d|de|ec|00|00|00|00|ff|ea|fc|9b|00|00|00|00|00|07|24|4d|00|00|00|00|00|00|00|00|00|00|00|00|ff|ea|fc|9b|00|00|00|00|

+---------+---------------+----------+
06:00:25,389,250   ETHER
|0   |01|0c|cd|04|40|01|00|e1|c2|c3|c4|c5|88|ba|40|01|01|26|00|00|00|00|60|82|01|1a|80|01|01|a2|82|01|13|30|82|01|0f|80|12|4d|4c|31|30|30|31|2f|4c|4c|4e|30|2e|73|6d|76|63|62|30|81|13|4d|4c|31|30|30|31|4d|55|2f|4c|4c|4e|30|24|64|73|53|56|30|82|02|07|8a|83|04|00|00|00|01|84|08|3c|30|92|97|7b|82|d4|00|85|01|01|86|02|00|50|87|81|c8|00|00|00|04|00|00|00|00|00|82|cd|40|00|00|00|00|00|82|cd|40|00|00|00|00|ff|fa|a2|f4|00|00|00|00|ff|fa|a2|f4|00|00|00|00|00|01|70|6d|00|00|00|00|00|01|70|6d|00|00|00|00|00|82|cd|72|00|00|00|00|ff|fa|a2|f4|00|00|00|00|00|01|70|6d|00|00|00|00|00|82|cd|40|00|00|00|00|00|82|cd|40|00|00|00|00|00|00|00|00|00|00|00|00|00|00|00|00|00|00|00|00|00|0f|1a|76|00|00|00|00|00|0f|1a|76|00|00|00|00|ff|eb|5b|1a|00|00|00|00|ff|eb|5b|1a|00|00|00|00|00|05|8a|19|00|00|00|00|00|05|8a|19|00|00|00|00|00|0f|1a|76|00|00|00|00|ff|eb|5b|1a|00|00|00|00|00|05|8a|19|00|00|00|00|00|00|00|00|00|00|00|00|ff|eb|5b|1a|00|00|00|00|

+---------+---------------+----------+
06:00:25,389,500   ETHER
|0   |01|0c|cd|04|40|01|00|e1|c2|c3|c4|c5|88|ba|40|01|01|26|00|00|00|00|60|82|01|1a|80|01|01|a2|82|01|13|30|82|01|0f|80|12|4d|4c|31|30|30|31|2f|4c|4c|4e|30|2e|73|6d|76|63|62|30|81|13|4d|4c|31|30|30|31|4d|55|2f|4c|4c|4e|30|24|64|73|53|56|30|82|02|07|8b|83|04|00|00|00|01|84|08|3c|30|92|97|7b|93|36|00|85|01|01|86|02|00|50|87|81|c8|00|00|00|04|00|00|00|00|00|8c|ab|36|00|00|00|00|00|8c|ab|36|00|00|00|00|ff|fa|c4|02|00|00|00|00|ff|fa|c4|02|00|00|00|00|00|01|03|99|00|00|00|00|00|01|03|99|00|00|00|00|00|8c|aa|f7|00|00|00|00|ff|fa|c4|02|00|00|00|00|00|01|03|99|00|00|00|00|00|8c|ab|36|00|00|00|00|00|8c|ab|36|00|00|00|00|00|00|00|00|00|00|00|00|00|00|00|00|00|00|00|00|00|10|3e|21|00|00|00|00|00|10|3e|21|00|00|00|00|ff|eb|da|52|00|00|00|00|ff|eb|da|52|00|00|00|00|00|03|e7|36|00|00|00|00|00|03|e7|36|00|00|00|00|00|10|3e|21|00|00|00|00|ff|eb|da|52|00|00|00|00|00|03|e7|36|00|00|00|00|00|00|00|00|00|00|00|00|ff|eb|da|52|00|00|00|00|

+---------+---------------+----------+
06:00:25,389,750   ETHER
|0   |01|0c|cd|04|40|01|00|e1|c2|c3|c4|c5|88|ba|40|01|01|26|00|00|00|00|60|82|01|1a|80|01|01|a2|82|01|13|30|82|01|0f|80|12|4d|4c|31|30|30|31|2f|4c|4c|4e|30|2e|73|6d|76|63|62|30|81|13|4d|4c|31|30|30|31|4d|55|2f|4c|4c|4e|30|24|64|73|53|56|30|82|02|07|8c|83|04|00|00|00|01|84|08|3c|30|92|97|7b|a3|98|00|85|01|01|86|02|00|50|87|81|c8|00|00|00|04|00|00|00|00|00|95|ab|f4|00|00|00|00|00|95|ab|f4|00|00|00|00|ff|fa|ed|4d|00|00|00|00|ff|fa|ed|4d|00|00|00|00|00|00|95|2a|00|00|00|00|00|00|95|2a|00|00|00|00|00|95|ab|c7|00|00|00|00|ff|fa|ed|4d|00|00|00|00|00|00|95|2a|00|00|00|00|00|95|ab|f4|00|00|00|00|00|95|ab|f4|00|00|00|00|00|00|00|00|00|00|00|00|00|00|00|00|00|00|00|00|00|11|48|40|00|00|00|00|00|11|48|40|00|00|00|00|ff|ec|79|42|00|00|00|00|ff|ec|79|42|00|00|00|00|00|02|3e|26|00|00|00|00|00|02|3e|26|00|00|00|00|00|11|48|40|00|00|00|00|ff|ec|79|42|00|00|00|00|00|02|3e|26|00|00|00|00|00|00|00|00|00|00|00|00|ff|ec|79|42|00|00|00|00|

+---------+---------------+----------+
06:00:25,390,000   ETHER
|0   |01|0c|cd|04|40|01|00|e1|c2|c3|c4|c5|88|ba|40|01|01|26|00|00|00|00|60|82|01|1a|80|01|01|a2|82|01|13|30|82|01|0f|80|12|4d|4c|31|30|30|31|2f|4c|4c|4e|30|2e|73|6d|76|63|62|30|81|13|4d|4c|31|30|30|31|4d|55|2f|4c|4c|4e|30|24|64|73|53|56|30|82|02|07|8d|83|04|00|00|00|01|84|08|3c|30|92|97|7b|b3|fa|00|85|01|01|86|02|00|50|87|81|c8|00|00|00|04|00|00|00|00|00|9d|bf|91|00|00|00|00|00|9d|bf|91|00|00|00|00|ff|fb|1e|9e|00|00|00|00|ff|fb|1e|9e|00|00|00|00|00|00|25|d2|00|00|00|00|00|00|25|d2|00|00|00|00|00|9d|bf|8c|00|00|00|00|ff|fb|1e|9e|00|00|00|00|00|00|25|d2|00|00|00|00|00|9d|bf|91|00|00|00|00|00|9d|bf|91|00|00|00|00|00|00|00|00|00|00|00|00|00|00|00|00|00|00|00|00|00|12|36|fe|00|00|00|00|00|12|36|fe|00|00|00|00|ff|ed|37|16|00|00|00|00|ff|ed|37|16|00|00|00|00|00|00|91|95|00|00|00|00|00|00|91|95|00|00|00|00|00|12|36|fe|00|00|00|00|ff|ed|37|16|00|00|00|00|00|00|91|95|00|00|00|00|00|00|00|00|00|00|00|00|ff|ed|37|16|00|00|00|00|

+---------+---------------+----------+
06:00:25,390,250   ETHER
|0   |01|0c|cd|04|40|01|00|e1|c2|c3|c4|c5|88|ba|40|01|01|26|00|00|00|00|60|82|01|1a|80|01|01|a2|82|01|13|30|82|01|0f|80|12|4d|4c|31|30|30|31|2f|4c|4c|4e|30|2e|73|6d|76|63|62|30|81|13|4d|4c|31|30|30|31|4d|55|2f|4c|4c|4e|30|24|64|73|53|56|30|82|02|07|8e|83|04|00|00|00|01|84|08|3c|30|92|97|7b|c4|5c|00|85|01|01|86|02|00|50|87|81|c8|00|00|00|04|00|00|00|00|00|a4|dd|62|00|00|00|00|00|a4|dd|62|00|00|00|00|ff|fb|57|9d|00|00|00|00|ff|fb|57|9d|00|00|00|00|ff|ff|b6|43|00|00|00|00|ff|ff|b6|43|00|00|00|00|00|a4|dd|1c|00|00|00|00|ff|fb|57|9d|00|00|00|00|ff|ff|b6|43|00|00|00|00|00|a4|dd|62|00|00|00|00|00|a4|dd|62|00|00|00|00|00|00|00|00|00|00|00|00|00|00|00|00|00|00|00|00|00|13|09|5b|00|00|00|00|00|13|09|5b|00|00|00|00|ff|ee|12|76|00|00|00|00|ff|ee|12|76|00|00|00|00|ff|fe|e4|2e|00|00|00|00|ff|fe|e4|2e|00|00|00|00|00|13|09|5b|00|00|00|00|ff|ee|12|76|00|00|00|00|ff|fe|e4|2e|00|00|00|00|00|00|00|00|00|00|00|00|ff|ee|12|76|00|00|00|00|

+---------+---------------+----------+
06:00:25,390,500   ETHER
|0   |01|0c|cd|04|40|01|00|e1|c2|c3|c4|c5|88|ba|40|01|01|26|00|00|00|00|60|82|01|1a|80|01|01|a2|82|01|13|30|82|01|0f|80|12|4d|4c|31|30|30|31|2f|4c|4c|4e|30|2e|73|6d|76|63|62|30|81|13|4d|4c|31|30|30|31|4d|55|2f|4c|4c|4e|30|24|64|73|53|56|30|82|02|07|8f|83|04|00|00|00|01|84|08|3c|30|92|97|7b|d4|be|00|85|01|01|86|02|00|50|87|81|c8|00|00|00|04|00|00|00|00|00|aa|f4|0c|00|00|00|00|00|aa|f4|0c|00|00|00|00|ff|fb|97|f0|00|00|00|00|ff|fb|97|f0|00|00|00|00|ff|ff|47|22|00|00|00|00|ff|ff|47|22|00|00|00|00|00|aa|f3|da|00|00|00|00|ff|fb|97|f0|00|00|00|00|ff|ff|47|22|00|00|00|00|00|aa|f4|0c|00|00|00|00|00|aa|f4|0c|00|00|00|00|00|00|00|00|00|00|00|00|00|00|00|00|00|00|00|00|00|13|bd|54|00|00|00|00|00|13|bd|54|00|00|00|00|ff|ef|0a|0d|00|00|00|00|ff|ef|0a|0d|00|00|00|00|ff|fd|38|72|00|00|00|00|ff|fd|38|72|00|00|00|00|00|13|bd|54|00|00|00|00|ff|ef|0a|0d|00|00|00|00|ff|fd|38|72|00|00|00|00|00|00|00|00|00|00|00|00|ff|ef|0a|0d|00|00|00|00|

+---------+---------------+----------+
06:00:25,390,749   ETHER
|0   |01|0c|cd|04|40|01|00|e1|c2|c3|c4|c5|88|ba|40|01|01|26|00|00|00|00|60|82|01|1a|80|01|01|a2|82|01|13|30|82|01|0f|80|12|4d|4c|31|30|30|31|2f|4c|4c|4e|30|2e|73|6d|76|63|62|30|81|13|4d|4c|31|30|30|31|4d|55|2f|4c|4c|4e|30|24|64|73|53|56|30|82|02|07|90|83|04|00|00|00|01|84|08|3c|30|92|97|7b|e5|20|00|85|01|01|86|02|00|50|87|81|c8|00|00|00|04|00|00|00|00|00|af|fd|c7|00|00|00|00|00|af|fd|c7|00|00|00|00|ff|fb|df|60|00|00|00|00|ff|fb|df|60|00|00|00|00|ff|fe|d9|22|00|00|00|00|ff|fe|d9|22|00|00|00|00|00|af|fd|8a|00|00|00|00|ff|fb|df|60|00|00|00|00|ff|fe|d9|22|00|00|00|00|00|af|fd|c7|00|00|00|00|00|af|fd|c7|00|00|00|00|00|00|00|00|00|00|00|00|00|00|00|00|00|00|00|00|00|14|52|41|00|00|00|00|00|14|52|41|00|00|00|00|ff|f0|1d|06|00|00|00|00|ff|f0|1d|06|00|00|00|00|ff|fb|91|0d|00|00|00|00|ff|fb|91|0d|00|00|00|00|00|14|52|41|00|00|00|00|ff|f0|1d|06|00|00|00|00|ff|fb|91|0d|00|00|00|00|00|00|00|00|00|00|00|00|ff|f0|1d|06|00|00|00|00|

+---------+---------------+----------+
06:00:25,391,000   ETHER
|0   |01|0c|cd|04|40|01|00|e1|c2|c3|c4|c5|88|ba|40|01|01|26|00|00|00|00|60|82|01|1a|80|01|01|a2|82|01|13|30|82|01|0f|80|12|4d|4c|31|30|30|31|2f|4c|4c|4e|30|2e|73|6d|76|63|62|30|81|13|4d|4c|31|30|30|31|4d|55|2f|4c|4c|4e|30|24|64|73|53|56|30|82|02|07|91|83|04|00|00|00|01|84|08|3c|30|92|97|7b|f5|82|00|85|01|01|86|02|00|50|87|81|c8|00|00|00|04|00|00|00|00|00|b3|f0|73|00|00|00|00|00|b3|f0|73|00|00|00|00|ff|fc|2d|3c|00|00|00|00|ff|fc|2d|3c|00|00|00|00|ff|fe|6c|f5|00|00|00|00|ff|fe|6c|f5|00|00|00|00|00|b3|f0|2a|00|00|00|00|ff|fc|2d|3c|00|00|00|00|ff|fe|6c|f5|00|00|00|00|00|b3|f0|73|00|00|00|00|00|b3|f0|73|00|00|00|00|00|00|00|00|00|00|00|00|00|00|00|00|00|00|00|00|00|14|c6|f4|00|00|00|00|00|14|c6|f4|00|00|00|00|ff|f1|48|b4|00|00|00|00|ff|f1|48|b4|00|00|00|00|ff|f9|f0|ac|00|00|00|00|ff|f9|f0|ac|00|00|00|00|00|14|c6|f4|00|00|00|00|ff|f1|48|b4|00|00|00|00|ff|f9|f0|ac|00|00|00|00|00|00|00|00|00|00|00|00|ff|f1|48|b4|00|00|00|00|

+---------+---------------+----------+
06:00:25,391,250   ETHER
|0   |01|0c|cd|04|40|01|00|e1|c2|c3|c4|c5|88|ba|40|01|01|26|00|00|00|00|60|82|01|1a|80|01|01|a2|82|01|13|30|82|01|0f|80|12|4d|4c|31|30|30|31|2f|4c|4c|4e|30|2e|73|6d|76|63|62|30|81|13|4d|4c|31|30|30|31|4d|55|2f|4c|4c|4e|30|24|64|73|53|56|30|82|02|07|92|83|04|00|00|00|01|84|08|3c|30|92|97|7c|05|e4|00|85|01|01|86|02|00|50|87|81|c8|00|00|00|04|00|00|00|00|00|b6|c7|bb|00|00|00|00|00|b6|c7|bb|00|00|00|00|ff|fc|81|14|00|00|00|00|ff|fc|81|14|00|00|00|00|ff|fe|03|4b|00|00|00|00|ff|fe|03|4b|00|00|00|00|00|b6|c7|bc|00|00|00|00|ff|fc|81|14|00|00|00|00|ff|fe|03|4b|00|00|00|00|00|b6|c7|bb|00|00|00|00|00|b6|c7|bb|00|00|00|00|00|00|00|00|00|00|00|00|00|00|00|00|00|00|00|00|00|15|1a|ee|00|00|00|00|00|15|1a|ee|00|00|00|00|ff|f2|8b|6d|00|00|00|00|ff|f2|8b|6d|00|00|00|00|ff|f8|59|f9|00|00|00|00|ff|f8|59|f9|00|00|00|00|00|15|1a|ee|00|00|00|00|ff|f2|8b|6d|00|00|00|00|ff|f8|59|f9|00|00|00|00|00|00|00|00|00|00|00|00|ff|f2|8b|6d|00|00|00|00|

+---------+---------------+----------+
06:00:25,391,499   ETHER
|0   |01|0c|cd|04|40|01|00|e1|c2|c3|c4|c5|88|ba|40|01|01|26|00|00|00|00|60|82|01|1a|80|01|01|a2|82|01|13|30|82|01|0f|80|12|4d|4c|31|30|30|31|2f|4c|4c|4e|30|2e|73|6d|76|63|62|30|81|13|4d|4c|31|30|30|31|4d|55|2f|4c|4c|4e|30|24|64|73|53|56|30|82|02|07|93|83|04|00|00|00|01|84|08|3c|30|92|97|7c|16|46|00|85|01|01|86|02|00|50|87|81|c8|00|00|00|04|00|00|00|00|00|b8|7d|d5|00|00|00|00|00|b8|7d|d5|00|00|00|00|ff|fc|da|7a|00|00|00|00|ff|fc|da|7a|00|00|00|00|ff|fd|9c|c1|00|00|00|00|ff|fd|9c|c1|00|00|00|00|00|b8|7d|fc|00|00|00|00|ff|fc|da|7a|00|00|00|00|ff|fd|9c|c1|00|00|00|00|00|b8|7d|d5|00|00|00|00|00|b8|7d|d5|00|00|00|00|00|00|00|00|00|00|00|00|00|00|00|00|00|00|00|00|00|15|4d|84|00|00|00|00|00|15|4d|84|00|00|00|00|ff|f3|e3|84|00|00|00|00|ff|f3|e3|84|00|00|00|00|ff|f6|cf|4c|00|00|00|00|ff|f6|cf|4c|00|00|00|00|00|15|4d|84|00|00|00|00|ff|f3|e3|84|00|00|00|00|ff|f6|cf|4c|00|00|00|00|00|00|00|00|00|00|00|00|ff|f3|e3|84|00|00|00|00|

+---------+---------------+----------+
06:00:25,391,749   ETHER
|0   |01|0c|cd|04|40|01|00|e1|c2|c3|c4|c5|88|ba|40|01|01|26|00|00|00|00|60|82|01|1a|80|01|01|a2|82|01|13|30|82|01|0f|80|12|4d|4c|31|30|30|31|2f|4c|4c|4e|30|2e|73|6d|76|63|62|30|81|13|4d|4c|31|30|30|31|4d|55|2f|4c|4c|4e|30|24|64|73|53|56|30|82|02|07|94|83|04|00|00|00|01|84|08|3c|30|92|97|7c|26|a8|00|85|01|01|86|02|00|50|87|81|c8|00|00|00|04|00|00|00|00|00|b9|11|50|00|00|00|00|00|b9|11|50|00|00|00|00|ff|fd|38|d1|00|00|00|00|ff|fd|38|d1|00|00|00|00|ff|fd|39|f2|00|00|00|00|ff|fd|39|f2|00|00|00|00|00|b9|11|50|00|00|00|00|ff|fd|38|d1|00|00|00|00|ff|fd|39|f2|00|00|00|00|00|b9|11|50|00|00|00|00|00|b9|11|50|00|00|00|00|00|00|00|00|00|00|00|00|00|00|00|00|00|00|00|00|00|15|5e|8c|00|00|00|00|00|15|5e|8c|00|00|00|00|ff|f5|4e|a3|00|00|00|00|ff|f5|4e|a3|00|00|00|00|ff|f5|52|fa|00|00|00|00|ff|f5|52|fa|00|00|00|00|00|15|5e|8c|00|00|00|00|ff|f5|4e|a3|00|00|00|00|ff|f5|52|fa|00|00|00|00|00|00|00|00|00|00|00|00|ff|f5|4e|a3|00|00|00|00|

+---------+---------------+----------+
06:00:25,392,000   ETHER
|0   |01|0c|cd|04|40|01|00|e1|c2|c3|c4|c5|88|ba|40|01|01|26|00|00|00|00|60|82|01|1a|80|01|01|a2|82|01|13|30|82|01|0f|80|12|4d|4c|31|30|30|31|2f|4c|4c|4e|30|2e|73|6d|76|63|62|30|81|13|4d|4c|31|30|30|31|4d|55|2f|4c|4c|4e|30|24|64|73|53|56|30|82|02|07|95|83|04|00|00|00|01|84|08|3c|30|92|97|7c|37|0a|00|85|01|01|86|02|00|50|87|81|c8|00|00|00|04|00|00|00|00|00|b8|80|ba|00|00|00|00|00|b8|80|ba|00|00|00|00|ff|fd|9b|8a|00|00|00|00|ff|fd|9b|8a|00|00|00|00|ff|fc|db|8f|00|00|00|00|ff|fc|db|8f|00|00|00|00|00|b8|80|ba|00|00|00|00|ff|fd|9b|8a|00|00|00|00|ff|fc|db|8f|00|00|00|00|00|b8|80|ba|00|00|00|00|00|b8|80|ba|00|00|00|00|00|00|00|00|00|00|00|00|00|00|00|00|00|00|00|00|00|15|4d|da|00|00|00|00|00|15|4d|da|00|00|00|00|ff|f6|ca|9f|00|00|00|00|ff|f6|ca|9f|00|00|00|00|ff|f3|e7|b0|00|00|00|00|ff|f3|e7|b0|00|00|00|00|00|15|4d|da|00|00|00|00|ff|f6|ca|9f|00|00|00|00|ff|f3|e7|b0|00|00|00|00|00|00|00|00|00|00|00|00|ff|f6|ca|9f|00|00|00|00|

+---------+---------------+----------+
06:00:25,392,250   ETHER
|0   |01|0c|cd|04|40|01|00|e1|c2|c3|c4|c5|88|ba|40|01|01|26|00|00|00|00|60|82|01|1a|80|01|01|a2|82|01|13|30|82|01|0f|80|12|4d|4c|31|30|30|31|2f|4c|4c|4e|30|2e|73|6d|76|63|62|30|81|13|4d|4c|31|30|30|31|4d|55|2f|4c|4c|4e|30|24|64|73|53|56|30|82|02|07|96|83|04|00|00|00|01|84|08|3c|30|92|97|7c|47|6c|00|85|01|01|86|02|00|50|87|81|c8|00|00|00|04|00|00|00|00|00|b6|cd|84|00|00|00|00|00|b6|cd|84|00|00|00|00|ff|fe|02|14|00|00|00|00|ff|fe|02|14|00|00|00|00|ff|fc|82|1f|00|00|00|00|ff|fc|82|1f|00|00|00|00|00|b6|cd|66|00|00|00|00|ff|fe|02|14|00|00|00|00|ff|fc|82|1f|00|00|00|00|00|b6|cd|84|00|00|00|00|00|b6|cd|84|00|00|00|00|00|00|00|00|00|00|00|00|00|00|00|00|00|00|00|00|00|15|1b|99|00|00|00|00|00|15|1b|99|00|00|00|00|ff|f8|55|4d|00|00|00|00|ff|f8|55|4d|00|00|00|00|ff|f2|8f|6e|00|00|00|00|ff|f2|8f|6e|00|00|00|00|00|15|1b|99|00|00|00|00|ff|f8|55|4d|00|00|00|00|ff|f2|8f|6e|00|00|00|00|00|00|00|00|00|00|00|00|ff|f8|55|4d|00|00|00|00|

+---------+---------------+----------+
06:00:25,392,500   ETHER
|0   |01|0c|cd|04|40|01|00|e1|c2|c3|c4|c5|88|ba|40|01|01|26|00|00|00|00|60|82|01|1a|80|01|01|a2|82|01|13|30|82|01|0f|80|12|4d|4c|31|30|30|31|2f|4c|4c|4e|30|2e|73|6d|76|63|62|30|81|13|4d|4c|31|30|30|31|4d|55|2f|4c|4c|4e|30|24|64|73|53|56|30|82|02|07|97|83|04|00|00|00|01|84|08|3c|30|92|97|7c|57|ce|00|85|01|01|86|02|00|50|87|81|c8|00|00|00|04|00|00|00|00|00|b3|f9|20|00|00|00|00|00|b3|f9|20|00|00|00|00|ff|fe|6b|b2|00|00|00|00|ff|fe|6b|b2|00|00|00|00|ff|fc|2e|30|00|00|00|00|ff|fc|2e|30|00|00|00|00|00|b3|f9|52|00|00|00|00|ff|fe|6b|b2|00|00|00|00|ff|fc|2e|30|00|00|00|00|00|b3|f9|20|00|00|00|00|00|b3|f9|20|00|00|00|00|00|00|00|00|00|00|00|00|00|00|00|00|00|00|00|00|00|14|c7|f4|00|00|00|00|00|14|c7|f4|00|00|00|00|ff|f9|eb|d4|00|00|00|00|ff|f9|eb|d4|00|00|00|00|ff|f1|4c|61|00|00|00|00|ff|f1|4c|61|00|00|00|00|00|14|c7|f4|00|00|00|00|ff|f9|eb|d4|00|00|00|00|ff|f1|4c|61|00|00|00|00|00|00|00|00|00|00|00|00|ff|f9|eb|d4|00|00|00|00|

+---------+---------------+----------+
06:00:25,392,750   ETHER
|0   |01|0c|cd|04|40|01|00|e1|c2|c3|c4|c5|88|ba|40|01|01|26|00|00|00|00|60|82|01|1a|80|01|01|a2|82|01|13|30|82|01|0f|80|12|4d|4c|31|30|30|31|2f|4c|4c|4e|30|2e|73|6d|76|63|62|30|81|13|4d|4c|31|30|30|31|4d|55|2f|4c|4c|4e|30|24|64|73|53|56|30|82|02|07|98|83|04|00|00|00|01|84|08|3c|30|92|97|7c|68|30|00|85|01|01|86|02|00|50|87|81|c8|00|00|00|04|00|00|00|00|00|b0|09|58|00|00|00|00|00|b0|09|58|00|00|00|00|ff|fe|d7|d5|00|00|00|00|ff|fe|d7|d5|00|00|00|00|ff|fb|e0|4a|00|00|00|00|ff|fb|e0|4a|00|00|00|00|00|b0|09|4e|00|00|00|00|ff|fe|d7|d5|00|00|00|00|ff|fb|e0|4a|00|00|00|00|00|b0|09|58|00|00|00|00|00|b0|09|58|00|00|00|00|00|00|00|00|00|00|00|00|00|00|00|00|00|00|00|00|00|14|53|96|00|00|00|00|00|14|53|96|00|00|00|00|ff|fb|8c|0b|00|00|00|00|ff|fb|8c|0b|00|00|00|00|ff|f0|20|88|00|00|00|00|ff|f0|20|88|00|00|00|00|00|14|53|96|00|00|00|00|ff|fb|8c|0b|00|00|00|00|ff|f0|20|88|00|00|00|00|00|00|00|00|00|00|00|00|ff|fb|8c|0b|00|00|00|00|

