+---------+---------------+----------+
06:01:01,209,000   ETHER
|0   |01|0c|cd|04|40|01|00|e1|c2|c3|c4|c5|88|ba|40|01|01|26|00|00|00|00|60|82|01|1a|80|01|01|a2|82|01|13|30|82|01|0f|80|12|4d|4c|31|30|30|31|2f|4c|4c|4e|30|2e|73|6d|76|63|62|30|81|13|4d|4c|31|30|30|31|4d|55|2f|4c|4c|4e|30|24|64|73|53|56|30|82|02|04|67|83|04|00|00|00|01|84|08|3c|30|92|a5|48|1f|6e|00|85|01|01|86|02|00|50|87|81|c8|00|00|00|04|00|00|00|00|00|60|a0|33|00|00|00|00|00|60|a0|33|00|00|00|00|ff|fa|73|33|00|00|00|00|ff|fa|73|33|00|00|00|00|00|02|a6|b1|00|00|00|00|00|02|a6|b1|00|00|00|00|00|60|a0|29|00|00|00|00|ff|fa|73|33|00|00|00|00|00|02|a6|b1|00|00|00|00|00|60|a0|33|00|00|00|00|00|60|a0|33|00|00|00|00|00|00|00|00|00|00|00|00|00|00|00|00|00|00|00|00|00|0b|28|3b|00|00|00|00|00|0b|28|3b|00|00|00|00|ff|ea|a3|4a|00|00|00|00|ff|ea|a3|4a|00|00|00|00|00|0a|34|50|00|00|00|00|00|0a|34|50|00|00|00|00|00|0b|28|3b|00|00|00|00|ff|ea|a3|4a|00|00|00|00|00|0a|34|50|00|00|00|00|00|00|00|00|00|00|00|00|ff|ea|a3|4a|00|00|00|00|

+---------+---------------+----------+
06:01:01,209,250   ETHER
|0   |01|0c|cd|04|40|01|00|e1|c2|c3|c4|c5|88|ba|40|01|01|26|00|00|00|00|60|82|01|1a|80|01|01|a2|82|01|13|30|82|01|0f|80|12|4d|4c|31|30|30|31|2f|4c|4c|4e|30|2e|73|6d|76|63|62|30|81|13|4d|4c|31|30|30|31|4d|55|2f|4c|4c|4e|30|24|64|73|53|56|30|82|02|04|68|83|04|00|00|00|01|84|08|3c|30|92|a5|48|2f|d0|00|85|01|01|86|02|00|50|87|81|c8|00|00|00|04|00|00|00|00|00|6c|b6|65|00|00|00|00|00|6c|b6|65|00|00|00|00|ff|fa|7a|71|00|00|00|00|ff|fa|7a|71|00|00|00|00|00|02|42|a0|00|00|00|00|00|02|42|a0|00|00|00|00|00|6c|b6|68|00|00|00|00|ff|fa|7a|71|00|00|00|00|00|02|42|a0|00|00|00|00|00|6c|b6|65|00|00|00|00|00|6c|b6|65|00|00|00|00|00|00|00|00|00|00|00|00|00|00|00|00|00|00|00|00|00|0c|8d|82|00|00|00|00|00|0c|8d|82|00|00|00|00|ff|ea|bf|2b|00|00|00|00|ff|ea|bf|2b|00|00|00|00|00|08|b3|27|00|00|00|00|00|08|b3|27|00|00|00|00|00|0c|8d|82|00|00|00|00|ff|ea|bf|2b|00|00|00|00|00|08|b3|27|00|00|00|00|00|00|00|00|00|00|00|00|ff|ea|bf|2b|00|00|00|00|

+---------+---------------+----------+
06:01:01,209,499   ETHER
|0   |01|0c|cd|04|40|01|00|e1|c2|c3|c4|c5|88|ba|40|01|01|26|00|00|00|00|60|82|01|1a|80|01|01|a2|82|01|13|30|82|01|0f|80|12|4d|4c|31|30|30|31|2f|4c|4c|4e|30|2e|73|6d|76|63|62|30|81|13|4d|4c|31|30|30|31|4d|55|2f|4c|4c|4e|30|24|64|73|53|56|30|82|02|04|69|83|04|00|00|00|01|84|08|3c|30|92|a5|48|40|32|00|85|01|01|86|02|00|50|87|81|c8|00|00|00|04|00|00|00|00|00|78|20|87|00|00|00|00|00|78|20|87|00|00|00|00|ff|fa|8a|67|00|00|00|00|ff|fa|8a|67|00|00|00|00|00|01|db|00|00|00|00|00|00|01|db|00|00|00|00|00|00|78|20|69|00|00|00|00|ff|fa|8a|67|00|00|00|00|00|01|db|00|00|00|00|00|00|78|20|87|00|00|00|00|00|78|20|87|00|00|00|00|00|00|00|00|00|00|00|00|00|00|00|00|00|00|00|00|00|0d|de|ec|00|00|00|00|00|0d|de|ec|00|00|00|00|ff|ea|fc|9b|00|00|00|00|ff|ea|fc|9b|00|00|00|00|00|07|24|4d|00|00|00|00|00|07|24|4d|00|00|00|00|00|0d|de|ec|00|00|00|00|ff|ea|fc|9b|00|00|00|00|00|07|24|4d|00|00|00|00|00|00|00|00|00|00|00|00|ff|ea|fc|9b|00|00|00|00|

+---------+---------------+----------+
06:01:01,209,750   ETHER
|0   |01|0c|cd|04|40|01|00|e1|c2|c3|c4|c5|88|ba|40|01|01|26|00|00|00|00|60|82|01|1a|80|01|01|a2|82|01|13|30|82|01|0f|80|12|4d|4c|31|30|30|31|2f|4c|4c|4e|30|2e|73|6d|76|63|62|30|81|13|4d|4c|31|30|30|31|4d|55|2f|4c|4c|4e|30|24|64|73|53|56|30|82|02|04|6a|83|04|00|00|00|01|84|08|3c|30|92|a5|48|50|94|00|85|01|01|86|02|00|50|87|81|c8|00|00|00|04|00|00|00|00|00|82|cd|40|00|00|00|00|00|82|cd|40|00|00|00|00|ff|fa|a2|f4|00|00|00|00|ff|fa|a2|f4|00|00|00|00|00|01|70|6d|00|00|00|00|00|01|70|6d|00|00|00|00|00|82|cd|40|00|00|00|00|ff|fa|a2|f4|00|00|00|00|00|01|70|6d|00|00|00|00|00|82|cd|40|00|00|00|00|00|82|cd|40|00|00|00|00|00|00|00|00|00|00|00|00|00|00|00|00|00|00|00|00|00|0f|1a|76|00|00|00|00|00|0f|1a|76|00|00|00|00|ff|eb|5b|1a|00|00|00|00|ff|eb|5b|1a|00|00|00|00|00|05|8a|19|00|00|00|00|00|05|8a|19|00|00|00|00|00|0f|1a|76|00|00|00|00|ff|eb|5b|1a|00|00|00|00|00|05|8a|19|00|00|00|00|00|00|00|00|00|00|00|00|ff|eb|5b|1a|00|00|00|00|

+---------+---------------+----------+
06:01:01,210,000   ETHER
|0   |01|0c|cd|04|40|01|00|e1|c2|c3|c4|c5|88|ba|40|01|01|26|00|00|00|00|60|82|01|1a|80|01|01|a2|82|01|13|30|82|01|0f|80|12|4d|4c|31|30|30|31|2f|4c|4c|4e|30|2e|73|6d|76|63|62|30|81|13|4d|4c|31|30|30|31|4d|55|2f|4c|4c|4e|30|24|64|73|53|56|30|82|02|04|6b|83|04|00|00|00|01|84|08|3c|30|92|a5|48|60|f6|00|85|01|01|86|02|00|50|87|81|c8|00|00|00|04|00|00|00|00|00|8c|ab|36|00|00|00|00|00|8c|ab|36|00|00|00|00|ff|fa|c4|02|00|00|00|00|ff|fa|c4|02|00|00|00|00|00|01|03|99|00|00|00|00|00|01|03|99|00|00|00|00|00|8c|ab|04|00|00|00|00|ff|fa|c4|02|00|00|00|00|00|01|03|99|00|00|00|00|00|8c|ab|36|00|00|00|00|00|8c|ab|36|00|00|00|00|00|00|00|00|00|00|00|00|00|00|00|00|00|00|00|00|00|10|3e|21|00|00|00|00|00|10|3e|21|00|00|00|00|ff|eb|da|52|00|00|00|00|ff|eb|da|52|00|00|00|00|00|03|e7|36|00|00|00|00|00|03|e7|36|00|00|00|00|00|10|3e|21|00|00|00|00|ff|eb|da|52|00|00|00|00|00|03|e7|36|00|00|00|00|00|00|00|00|00|00|00|00|ff|eb|da|52|00|00|00|00|

+---------+---------------+----------+
06:01:01,210,250   ETHER
|0   |01|0c|cd|04|40|01|00|e1|c2|c3|c4|c5|88|ba|40|01|01|26|00|00|00|00|60|82|01|1a|80|01|01|a2|82|01|13|30|82|01|0f|80|12|4d|4c|31|30|30|31|2f|4c|4c|4e|30|2e|73|6d|76|63|62|30|81|13|4d|4c|31|30|30|31|4d|55|2f|4c|4c|4e|30|24|64|73|53|56|30|82|02|04|6c|83|04|00|00|00|01|84|08|3c|30|92|a5|48|71|58|00|85|01|01|86|02|00|50|87|81|c8|00|00|00|04|00|00|00|00|00|95|ab|f4|00|00|00|00|00|95|ab|f4|00|00|00|00|ff|fa|ed|4d|00|00|00|00|ff|fa|ed|4d|00|00|00|00|00|00|95|2a|00|00|00|00|00|00|95|2a|00|00|00|00|00|95|ab|f4|00|00|00|00|ff|fa|ed|4d|00|00|00|00|00|00|95|2a|00|00|00|00|00|95|ab|f4|00|00|00|00|00|95|ab|f4|00|00|00|00|00|00|00|00|00|00|00|00|00|00|00|00|00|00|00|00|00|11|48|40|00|00|00|00|00|11|48|40|00|00|00|00|ff|ec|79|42|00|00|00|00|ff|ec|79|42|00|00|00|00|00|02|3e|26|00|00|00|00|00|02|3e|26|00|00|00|00|00|11|48|40|00|00|00|00|ff|ec|79|42|00|00|00|00|00|02|3e|26|00|00|00|00|00|00|00|00|00|00|00|00|ff|ec|79|42|00|00|00|00|

+---------+---------------+----------+
06:01:01,210,499   ETHER
|0   |01|0c|cd|04|40|01|00|e1|c2|c3|c4|c5|88|ba|40|01|01|26|00|00|00|00|60|82|01|1a|80|01|01|a2|82|01|13|30|82|01|0f|80|12|4d|4c|31|30|30|31|2f|4c|4c|4e|30|2e|73|6d|76|63|62|30|81|13|4d|4c|31|30|30|31|4d|55|2f|4c|4c|4e|30|24|64|73|53|56|30|82|02|04|6d|83|04|00|00|00|01|84|08|3c|30|92|a5|48|81|ba|00|85|01|01|86|02|00|50|87|81|c8|00|00|00|04|00|00|00|00|00|9d|bf|91|00|00|00|00|00|9d|bf|91|00|00|00|00|ff|fb|1e|9e|00|00|00|00|ff|fb|1e|9e|00|00|00|00|00|00|25|d2|00|00|00|00|00|00|25|d2|00|00|00|00|00|9d|bf|62|00|00|00|00|ff|fb|1e|9e|00|00|00|00|00|00|25|d2|00|00|00|00|00|9d|bf|91|00|00|00|00|00|9d|bf|91|00|00|00|00|00|00|00|00|00|00|00|00|00|00|00|00|00|00|00|00|00|12|36|fe|00|00|00|00|00|12|36|fe|00|00|00|00|ff|ed|37|16|00|00|00|00|ff|ed|37|16|00|00|00|00|00|00|91|95|00|00|00|00|00|00|91|95|00|00|00|00|00|12|36|fe|00|00|00|00|ff|ed|37|16|00|00|00|00|00|00|91|95|00|00|00|00|00|00|00|00|00|00|00|00|ff|ed|37|16|00|00|00|00|

+---------+---------------+----------+
06:01:01,210,750   ETHER
|0   |01|0c|cd|04|40|01|00|e1|c2|c3|c4|c5|88|ba|40|01|01|26|00|00|00|00|60|82|01|1a|80|01|01|a2|82|01|13|30|82|01|0f|80|12|4d|4c|31|30|30|31|2f|4c|4c|4e|30|2e|73|6d|76|63|62|30|81|13|4d|4c|31|30|30|31|4d|55|2f|4c|4c|4e|30|24|64|73|53|56|30|82|02|04|6e|83|04|00|00|00|01|84|08|3c|30|92|a5|48|92|1c|00|85|01|01|86|02|00|50|87|81|c8|00|00|00|04|00|00|00|00|00|a4|dd|62|00|00|00|00|00|a4|dd|62|00|00|00|00|ff|fb|57|9d|00|00|00|00|ff|fb|57|9d|00|00|00|00|ff|ff|b6|43|00|00|00|00|ff|ff|b6|43|00|00|00|00|00|a4|dd|6c|00|00|00|00|ff|fb|57|9d|00|00|00|00|ff|ff|b6|43|00|00|00|00|00|a4|dd|62|00|00|00|00|00|a4|dd|62|00|00|00|00|00|00|00|00|00|00|00|00|00|00|00|00|00|00|00|00|00|13|09|5b|00|00|00|00|00|13|09|5b|00|00|00|00|ff|ee|12|76|00|00|00|00|ff|ee|12|76|00|00|00|00|ff|fe|e4|2e|00|00|00|00|ff|fe|e4|2e|00|00|00|00|00|13|09|5b|00|00|00|00|ff|ee|12|76|00|00|00|00|ff|fe|e4|2e|00|00|00|00|00|00|00|00|00|00|00|00|ff|ee|12|76|00|00|00|00|

+---------+---------------+----------+
06:01:01,211,000   ETHER
|0   |01|0c|cd|04|40|01|00|e1|c2|c3|c4|c5|88|ba|40|01|01|26|00|00|00|00|60|82|01|1a|80|01|01|a2|82|01|13|30|82|01|0f|80|12|4d|4c|31|30|30|31|2f|4c|4c|4e|30|2e|73|6d|76|63|62|30|81|13|4d|4c|31|30|30|31|4d|55|2f|4c|4c|4e|30|24|64|73|53|56|30|82|02|04|6f|83|04|00|00|00|01|84|08|3c|30|92|a5|48|a2|7e|00|85|01|01|86|02|00|50|87|81|c8|00|00|00|04|00|00|00|00|00|aa|f4|0c|00|00|00|00|00|aa|f4|0c|00|00|00|00|ff|fb|97|f0|00|00|00|00|ff|fb|97|f0|00|00|00|00|ff|ff|47|22|00|00|00|00|ff|ff|47|22|00|00|00|00|00|aa|f4|0d|00|00|00|00|ff|fb|97|f0|00|00|00|00|ff|ff|47|22|00|00|00|00|00|aa|f4|0c|00|00|00|00|00|aa|f4|0c|00|00|00|00|00|00|00|00|00|00|00|00|00|00|00|00|00|00|00|00|00|13|bd|54|00|00|00|00|00|13|bd|54|00|00|00|00|ff|ef|0a|0d|00|00|00|00|ff|ef|0a|0d|00|00|00|00|ff|fd|38|72|00|00|00|00|ff|fd|38|72|00|00|00|00|00|13|bd|54|00|00|00|00|ff|ef|0a|0d|00|00|00|00|ff|fd|38|72|00|00|00|00|00|00|00|00|00|00|00|00|ff|ef|0a|0d|00|00|00|00|

+---------+---------------+----------+
06:01:01,211,250   ETHER
|0   |01|0c|cd|04|40|01|00|e1|c2|c3|c4|c5|88|ba|40|01|01|26|00|00|00|00|60|82|01|1a|80|01|01|a2|82|01|13|30|82|01|0f|80|12|4d|4c|31|30|30|31|2f|4c|4c|4e|30|2e|73|6d|76|63|62|30|81|13|4d|4c|31|30|30|31|4d|55|2f|4c|4c|4e|30|24|64|73|53|56|30|82|02|04|70|83|04|00|00|00|01|84|08|3c|30|92|a5|48|b2|e0|00|85|01|01|86|02|00|50|87|81|c8|00|00|00|04|00|00|00|00|00|af|fd|c7|00|00|00|00|00|af|fd|c7|00|00|00|00|ff|fb|df|60|00|00|00|00|ff|fb|df|60|00|00|00|00|ff|fe|d9|22|00|00|00|00|ff|fe|d9|22|00|00|00|00|00|af|fd|95|00|00|00|00|ff|fb|df|60|00|00|00|00|ff|fe|d9|22|00|00|00|00|00|af|fd|c7|00|00|00|00|00|af|fd|c7|00|00|00|00|00|00|00|00|00|00|00|00|00|00|00|00|00|00|00|00|00|14|52|41|00|00|00|00|00|14|52|41|00|00|00|00|ff|f0|1d|06|00|00|00|00|ff|f0|1d|06|00|00|00|00|ff|fb|91|0d|00|00|00|00|ff|fb|91|0d|00|00|00|00|00|14|52|41|00|00|00|00|ff|f0|1d|06|00|00|00|00|ff|fb|91|0d|00|00|00|00|00|00|00|00|00|00|00|00|ff|f0|1d|06|00|00|00|00|

+---------+---------------+----------+
06:01:01,211,500   ETHER
|0   |01|0c|cd|04|40|01|00|e1|c2|c3|c4|c5|88|ba|40|01|01|26|00|00|00|00|60|82|01|1a|80|01|01|a2|82|01|13|30|82|01|0f|80|12|4d|4c|31|30|30|31|2f|4c|4c|4e|30|2e|73|6d|76|63|62|30|81|13|4d|4c|31|30|30|31|4d|55|2f|4c|4c|4e|30|24|64|73|53|56|30|82|02|04|71|83|04|00|00|00|01|84|08|3c|30|92|a5|48|c3|42|00|85|01|01|86|02|00|50|87|81|c8|00|00|00|04|00|00|00|00|00|b3|f0|73|00|00|00|00|00|b3|f0|73|00|00|00|00|ff|fc|2d|3c|00|00|00|00|ff|fc|2d|3c|00|00|00|00|ff|fe|6c|f5|00|00|00|00|ff|fe|6c|f5|00|00|00|00|00|b3|f0|73|00|00|00|00|ff|fc|2d|3c|00|00|00|00|ff|fe|6c|f5|00|00|00|00|00|b3|f0|73|00|00|00|00|00|b3|f0|73|00|00|00|00|00|00|00|00|00|00|00|00|00|00|00|00|00|00|00|00|00|14|c6|f4|00|00|00|00|00|14|c6|f4|00|00|00|00|ff|f1|48|b4|00|00|00|00|ff|f1|48|b4|00|00|00|00|ff|f9|f0|ac|00|00|00|00|ff|f9|f0|ac|00|00|00|00|00|14|c6|f4|00|00|00|00|ff|f1|48|b4|00|00|00|00|ff|f9|f0|ac|00|00|00|00|00|00|00|00|00|00|00|00|ff|f1|48|b4|00|00|00|00|

+---------+---------------+----------+
06:01:01,211,750   ETHER
|0   |01|0c|cd|04|40|01|00|e1|c2|c3|c4|c5|88|ba|40|01|01|26|00|00|00|00|60|82|01|1a|80|01|01|a2|82|01|13|30|82|01|0f|80|12|4d|4c|31|30|30|31|2f|4c|4c|4e|30|2e|73|6d|76|63|62|30|81|13|4d|4c|31|30|30|31|4d|55|2f|4c|4c|4e|30|24|64|73|53|56|30|82|02|04|72|83|04|00|00|00|01|84|08|3c|30|92|a5|48|d3|a4|00|85|01|01|86|02|00|50|87|81|c8|00|00|00|04|00|00|00|00|00|b6|c7|bb|00|00|00|00|00|b6|c7|bb|00|00|00|00|ff|fc|81|14|00|00|00|00|ff|fc|81|14|00|00|00|00|ff|fe|03|4b|00|00|00|00|ff|fe|03|4b|00|00|00|00|00|b6|c7|b1|00|00|00|00|ff|fc|81|14|00|00|00|00|ff|fe|03|4b|00|00|00|00|00|b6|c7|bb|00|00|00|00|00|b6|c7|bb|00|00|00|00|00|00|00|00|00|00|00|00|00|00|00|00|00|00|00|00|00|15|1a|ee|00|00|00|00|00|15|1a|ee|00|00|00|00|ff|f2|8b|6d|00|00|00|00|ff|f2|8b|6d|00|00|00|00|ff|f8|59|f9|00|00|00|00|ff|f8|59|f9|00|00|00|00|00|15|1a|ee|00|00|00|00|ff|f2|8b|6d|00|00|00|00|ff|f8|59|f9|00|00|00|00|00|00|00|00|00|00|00|00|ff|f2|8b|6d|00|00|00|00|

+---------+---------------+----------+
06:01:01,212,000   ETHER
|0   |01|0c|cd|04|40|01|00|e1|c2|c3|c4|c5|88|ba|40|01|01|26|00|00|00|00|60|82|01|1a|80|01|01|a2|82|01|13|30|82|01|0f|80|12|4d|4c|31|30|30|31|2f|4c|4c|4e|30|2e|73|6d|76|63|62|30|81|13|4d|4c|31|30|30|31|4d|55|2f|4c|4c|4e|30|24|64|73|53|56|30|82|02|04|73|83|04|00|00|00|01|84|08|3c|30|92|a5|48|e4|06|00|85|01|01|86|02|00|50|87|81|c8|00|00|00|04|00|00|00|00|00|b8|7d|d5|00|00|00|00|00|b8|7d|d5|00|00|00|00|ff|fc|da|7a|00|00|00|00|ff|fc|da|7a|00|00|00|00|ff|fd|9c|c1|00|00|00|00|ff|fd|9c|c1|00|00|00|00|00|b8|7d|f0|00|00|00|00|ff|fc|da|7a|00|00|00|00|ff|fd|9c|c1|00|00|00|00|00|b8|7d|d5|00|00|00|00|00|b8|7d|d5|00|00|00|00|00|00|00|00|00|00|00|00|00|00|00|00|00|00|00|00|00|15|4d|84|00|00|00|00|00|15|4d|84|00|00|00|00|ff|f3|e3|84|00|00|00|00|ff|f3|e3|84|00|00|00|00|ff|f6|cf|4c|00|00|00|00|ff|f6|cf|4c|00|00|00|00|00|15|4d|84|00|00|00|00|ff|f3|e3|84|00|00|00|00|ff|f6|cf|4c|00|00|00|00|00|00|00|00|00|00|00|00|ff|f3|e3|84|00|00|00|00|

+---------+---------------+----------+
06:01:01,212,250   ETHER
|0   |01|0c|cd|04|40|01|00|e1|c2|c3|c4|c5|88|ba|40|01|01|26|00|00|00|00|60|82|01|1a|80|01|01|a2|82|01|13|30|82|01|0f|80|12|4d|4c|31|30|30|31|2f|4c|4c|4e|30|2e|73|6d|76|63|62|30|81|13|4d|4c|31|30|30|31|4d|55|2f|4c|4c|4e|30|24|64|73|53|56|30|82|02|04|74|83|04|00|00|00|01|84|08|3c|30|92|a5|48|f4|68|00|85|01|01|86|02|00|50|87|81|c8|00|00|00|04|00|00|00|00|00|b9|11|50|00|00|00|00|00|b9|11|50|00|00|00|00|ff|fd|38|d1|00|00|00|00|ff|fd|38|d1|00|00|00|00|ff|fd|39|f2|00|00|00|00|ff|fd|39|f2|00|00|00|00|00|b9|11|46|00|00|00|00|ff|fd|38|d1|00|00|00|00|ff|fd|39|f2|00|00|00|00|00|b9|11|50|00|00|00|00|00|b9|11|50|00|00|00|00|00|00|00|00|00|00|00|00|00|00|00|00|00|00|00|00|00|15|5e|8c|00|00|00|00|00|15|5e|8c|00|00|00|00|ff|f5|4e|a3|00|00|00|00|ff|f5|4e|a3|00|00|00|00|ff|f5|52|fa|00|00|00|00|ff|f5|52|fa|00|00|00|00|00|15|5e|8c|00|00|00|00|ff|f5|4e|a3|00|00|00|00|ff|f5|52|fa|00|00|00|00|00|00|00|00|00|00|00|00|ff|f5|4e|a3|00|00|00|00|

+---------+---------------+----------+
06:01:01,212,500   ETHER
|0   |01|0c|cd|04|40|01|00|e1|c2|c3|c4|c5|88|ba|40|01|01|26|00|00|00|00|60|82|01|1a|80|01|01|a2|82|01|13|30|82|01|0f|80|12|4d|4c|31|30|30|31|2f|4c|4c|4e|30|2e|73|6d|76|63|62|30|81|13|4d|4c|31|30|30|31|4d|55|2f|4c|4c|4e|30|24|64|73|53|56|30|82|02|04|75|83|04|00|00|00|01|84|08|3c|30|92|a5|49|04|ca|00|85|01|01|86|02|00|50|87|81|c8|00|00|00|04|00|00|00|00|00|b8|80|ba|00|00|00|00|00|b8|80|ba|00|00|00|00|ff|fd|9b|8a|00|00|00|00|ff|fd|9b|8a|00|00|00|00|ff|fc|db|8f|00|00|00|00|ff|fc|db|8f|00|00|00|00|00|b8|80|9c|00|00|00|00|ff|fd|9b|8a|00|00|00|00|ff|fc|db|8f|00|00|00|00|00|b8|80|ba|00|00|00|00|00|b8|80|ba|00|00|00|00|00|00|00|00|00|00|00|00|00|00|00|00|00|00|00|00|00|15|4d|da|00|00|00|00|00|15|4d|da|00|00|00|00|ff|f6|ca|9f|00|00|00|00|ff|f6|ca|9f|00|00|00|00|ff|f3|e7|b0|00|00|00|00|ff|f3|e7|b0|00|00|00|00|00|15|4d|da|00|00|00|00|ff|f6|ca|9f|00|00|00|00|ff|f3|e7|b0|00|00|00|00|00|00|00|00|00|00|00|00|ff|f6|ca|9f|00|00|00|00|

+---------+---------------+----------+
06:01:01,212,750   ETHER
|0   |01|0c|cd|04|40|01|00|e1|c2|c3|c4|c5|88|ba|40|01|01|26|00|00|00|00|60|82|01|1a|80|01|01|a2|82|01|13|30|82|01|0f|80|12|4d|4c|31|30|30|31|2f|4c|4c|4e|30|2e|73|6d|76|63|62|30|81|13|4d|4c|31|30|30|31|4d|55|2f|4c|4c|4e|30|24|64|73|53|56|30|82|02|04|76|83|04|00|00|00|01|84|08|3c|30|92|a5|49|15|2c|00|85|01|01|86|02|00|50|87|81|c8|00|00|00|04|00|00|00|00|00|b6|cd|84|00|00|00|00|00|b6|cd|84|00|00|00|00|ff|fe|02|14|00|00|00|00|ff|fe|02|14|00|00|00|00|ff|fc|82|1f|00|00|00|00|ff|fc|82|1f|00|00|00|00|00|b6|cd|84|00|00|00|00|ff|fe|02|14|00|00|00|00|ff|fc|82|1f|00|00|00|00|00|b6|cd|84|00|00|00|00|00|b6|cd|84|00|00|00|00|00|00|00|00|00|00|00|00|00|00|00|00|00|00|00|00|00|15|1b|99|00|00|00|00|00|15|1b|99|00|00|00|00|ff|f8|55|4d|00|00|00|00|ff|f8|55|4d|00|00|00|00|ff|f2|8f|6e|00|00|00|00|ff|f2|8f|6e|00|00|00|00|00|15|1b|99|00|00|00|00|ff|f8|55|4d|00|00|00|00|ff|f2|8f|6e|00|00|00|00|00|00|00|00|00|00|00|00|ff|f8|55|4d|00|00|00|00|

